113.335000 8.000000
113.761000 16.000000
114.842000 24.000000
116.852000 32.000000
117.392000 40.000000
117.877000 48.000000
118.329000 56.000000
118.790000 64.000000
119.245000 72.000000
119.690000 80.000000
120.151000 88.000000
120.645000 96.000000
122.515000 104.000000
125.271000 112.000000
125.670000 120.000000
126.197000 128.000000
126.852000 136.000000
127.134000 144.000000
127.706000 152.000000
127.986000 160.000000
128.270000 168.000000
128.514000 176.000000
129.007000 184.000000
129.216000 192.000000
129.414000 200.000000
129.639000 208.000000
129.868000 216.000000
130.047000 224.000000
130.264000 232.000000
130.518000 240.000000
130.716000 248.000000
130.927000 256.000000
131.182000 264.000000
131.458000 272.000000
131.657000 280.000000
132.070000 288.000000
132.266000 296.000000
132.453000 304.000000
132.712000 312.000000
132.878000 320.000000
133.092000 328.000000
133.385000 336.000000
133.625000 344.000000
133.763000 352.000000
133.936000 360.000000
134.109000 368.000000
134.239000 376.000000
134.368000 384.000000
134.498000 392.000000
134.627000 400.000000
134.757000 408.000000
134.884000 416.000000
135.016000 424.000000
135.151000 432.000000
135.282000 440.000000
135.408000 448.000000
135.537000 456.000000
135.665000 464.000000
135.795000 472.000000
135.924000 480.000000
136.052000 488.000000
136.179000 496.000000
136.311000 504.000000
136.439000 512.000000
136.623000 520.000000
136.755000 528.000000
136.885000 536.000000
137.032000 544.000000
137.206000 552.000000
137.339000 560.000000
137.467000 568.000000
137.597000 576.000000
137.727000 584.000000
137.857000 592.000000
137.994000 600.000000
138.124000 608.000000
138.252000 616.000000
138.383000 624.000000
138.511000 632.000000
138.643000 640.000000
138.772000 648.000000
138.916000 656.000000
139.021000 664.000000
139.124000 672.000000
139.235000 680.000000
139.341000 688.000000
139.445000 696.000000
139.549000 704.000000
139.651000 712.000000
139.757000 720.000000
139.859000 728.000000
139.963000 736.000000
140.067000 744.000000
140.170000 752.000000
140.274000 760.000000
140.384000 768.000000
140.486000 776.000000
140.609000 784.000000
140.725000 792.000000
140.830000 800.000000
140.933000 808.000000
141.075000 816.000000
141.178000 824.000000
141.281000 832.000000
141.386000 840.000000
141.494000 848.000000
141.600000 856.000000
141.703000 864.000000
141.805000 872.000000
141.909000 880.000000
142.013000 888.000000
142.117000 896.000000
142.220000 904.000000
142.322000 912.000000
142.427000 920.000000
142.529000 928.000000
142.641000 936.000000
142.743000 944.000000
142.846000 952.000000
143.103000 960.000000
143.511000 968.000000
144.161000 976.000000
144.290000 984.000000
144.716000 992.000000
144.851000 1000.000000
144.962000 1008.000000
145.219000 1016.000000
146.190000 1024.000000
146.837000 1032.000000
147.433000 1040.000000
148.105000 1048.000000
148.822000 1056.000000
149.405000 1064.000000
149.975000 1072.000000
150.666000 1080.000000
151.184000 1088.000000
151.746000 1096.000000
152.431000 1104.000000
153.061000 1112.000000
153.645000 1120.000000
154.338000 1128.000000
154.861000 1136.000000
155.349000 1144.000000
155.649000 1152.000000
156.027000 1160.000000
156.358000 1168.000000
156.687000 1176.000000
157.014000 1184.000000
157.391000 1192.000000
157.709000 1200.000000
158.041000 1208.000000
158.245000 1216.000000
158.485000 1224.000000
158.688000 1232.000000
158.928000 1240.000000
160.417000 1248.000000
160.651000 1256.000000
160.848000 1264.000000
161.106000 1272.000000
161.315000 1280.000000
161.613000 1288.000000
161.818000 1296.000000
161.998000 1304.000000
162.238000 1312.000000
162.415000 1320.000000
162.603000 1328.000000
162.753000 1336.000000
162.981000 1344.000000
163.168000 1352.000000
163.340000 1360.000000
163.518000 1368.000000
163.689000 1376.000000
163.871000 1384.000000
164.069000 1392.000000
164.243000 1400.000000
164.424000 1408.000000
164.748000 1416.000000
164.951000 1424.000000
165.173000 1432.000000
165.388000 1440.000000
165.549000 1448.000000
165.713000 1456.000000
165.875000 1464.000000
166.034000 1472.000000
166.194000 1480.000000
166.372000 1488.000000
166.481000 1496.000000
166.596000 1504.000000
166.714000 1512.000000
166.821000 1520.000000
166.918000 1528.000000
167.019000 1536.000000
167.169000 1544.000000
167.295000 1552.000000
167.429000 1560.000000
167.555000 1568.000000
167.688000 1576.000000
167.866000 1584.000000
167.995000 1592.000000
168.124000 1600.000000
168.259000 1608.000000
168.390000 1616.000000
168.518000 1624.000000
168.693000 1632.000000
168.825000 1640.000000
168.970000 1648.000000
169.099000 1656.000000
169.229000 1664.000000
169.405000 1672.000000
169.534000 1680.000000
169.686000 1688.000000
169.813000 1696.000000
169.942000 1704.000000
170.072000 1712.000000
170.202000 1720.000000
170.333000 1728.000000
170.467000 1736.000000
170.639000 1744.000000
170.771000 1752.000000
170.898000 1760.000000
171.034000 1768.000000
171.186000 1776.000000
171.319000 1784.000000
171.451000 1792.000000
171.581000 1800.000000
171.708000 1808.000000
171.850000 1816.000000
171.951000 1824.000000
172.058000 1832.000000
172.159000 1840.000000
172.263000 1848.000000
172.370000 1856.000000
172.475000 1864.000000
172.594000 1872.000000
172.711000 1880.000000
172.811000 1888.000000
172.917000 1896.000000
173.019000 1904.000000
173.125000 1912.000000
173.225000 1920.000000
173.329000 1928.000000
173.438000 1936.000000
173.541000 1944.000000
173.643000 1952.000000
173.747000 1960.000000
173.848000 1968.000000
173.953000 1976.000000
174.054000 1984.000000
174.159000 1992.000000
174.260000 2000.000000
174.362000 2008.000000
174.466000 2016.000000
174.576000 2024.000000
174.678000 2032.000000
174.782000 2040.000000
174.882000 2048.000000
174.987000 2056.000000
175.088000 2064.000000
175.195000 2072.000000
175.297000 2080.000000
175.401000 2088.000000
175.503000 2096.000000
175.616000 2104.000000
175.734000 2112.000000
175.883000 2120.000000
176.000000 2128.000000
176.107000 2136.000000
176.225000 2144.000000
176.361000 2152.000000
176.480000 2160.000000
176.627000 2168.000000
176.734000 2176.000000
176.877000 2184.000000
177.063000 2192.000000
177.247000 2200.000000
177.798000 2208.000000
177.996000 2216.000000
178.201000 2224.000000
178.411000 2232.000000
178.727000 2240.000000
178.995000 2248.000000
179.239000 2256.000000
179.509000 2264.000000
179.643000 2272.000000
179.746000 2280.000000
179.876000 2288.000000
179.962000 2296.000000
180.049000 2304.000000
180.133000 2312.000000
180.219000 2320.000000
180.304000 2328.000000
180.391000 2336.000000
180.475000 2344.000000
180.609000 2352.000000
180.701000 2360.000000
180.788000 2368.000000
180.875000 2376.000000
180.961000 2384.000000
181.046000 2392.000000
181.133000 2400.000000
181.217000 2408.000000
181.305000 2416.000000
181.389000 2424.000000
181.478000 2432.000000
181.566000 2440.000000
181.650000 2448.000000
181.736000 2456.000000
181.822000 2464.000000
181.907000 2472.000000
181.993000 2480.000000
182.077000 2488.000000
182.164000 2496.000000
182.249000 2504.000000
182.340000 2512.000000
182.425000 2520.000000
182.515000 2528.000000
182.601000 2536.000000
182.686000 2544.000000
182.771000 2552.000000
182.857000 2560.000000
182.941000 2568.000000
183.029000 2576.000000
183.113000 2584.000000
183.204000 2592.000000
183.287000 2600.000000
183.379000 2608.000000
183.464000 2616.000000
183.549000 2624.000000
183.635000 2632.000000
183.721000 2640.000000
183.804000 2648.000000
183.928000 2656.000000
184.018000 2664.000000
184.122000 2672.000000
184.258000 2680.000000
184.335000 2688.000000
184.440000 2696.000000
184.511000 2704.000000
184.645000 2712.000000
184.733000 2720.000000
184.817000 2728.000000
184.906000 2736.000000
184.991000 2744.000000
185.077000 2752.000000
185.163000 2760.000000
185.249000 2768.000000
185.335000 2776.000000
185.450000 2784.000000
185.555000 2792.000000
185.620000 2800.000000
185.701000 2808.000000
185.804000 2816.000000
185.908000 2824.000000
185.997000 2832.000000
186.061000 2840.000000
186.149000 2848.000000
186.210000 2856.000000
186.300000 2864.000000
186.360000 2872.000000
186.453000 2880.000000
186.541000 2888.000000
186.628000 2896.000000
186.714000 2904.000000
186.826000 2912.000000
187.007000 2920.000000
187.111000 2928.000000
187.211000 2936.000000
187.299000 2944.000000
187.383000 2952.000000
187.495000 2960.000000
187.577000 2968.000000
187.665000 2976.000000
187.751000 2984.000000
187.837000 2992.000000
187.928000 3000.000000
188.002000 3008.000000
188.074000 3016.000000
188.148000 3024.000000
188.221000 3032.000000
188.305000 3040.000000
188.376000 3048.000000
188.450000 3056.000000
188.532000 3064.000000
188.647000 3072.000000
188.722000 3080.000000
188.795000 3088.000000
188.870000 3096.000000
188.943000 3104.000000
189.016000 3112.000000
189.098000 3120.000000
189.172000 3128.000000
189.249000 3136.000000
189.305000 3144.000000
190.440000 3152.000000
190.996000 3160.000000
191.752000 3168.000000
192.258000 3176.000000
192.991000 3184.000000
193.396000 3192.000000
193.939000 3200.000000
194.312000 3208.000000
194.903000 3216.000000
195.262000 3224.000000
195.784000 3232.000000
196.163000 3240.000000
196.776000 3248.000000
197.316000 3256.000000
198.059000 3264.000000
198.618000 3272.000000
199.089000 3280.000000
199.566000 3288.000000
200.330000 3296.000000
200.617000 3304.000000
200.904000 3312.000000
201.222000 3320.000000
201.434000 3328.000000
201.717000 3336.000000
201.955000 3344.000000
202.228000 3352.000000
202.422000 3360.000000
202.690000 3368.000000
202.876000 3376.000000
203.149000 3384.000000
203.334000 3392.000000
203.627000 3400.000000
203.822000 3408.000000
204.068000 3416.000000
204.192000 3424.000000
204.372000 3432.000000
204.495000 3440.000000
204.726000 3448.000000
204.943000 3456.000000
205.158000 3464.000000
205.272000 3472.000000
205.481000 3480.000000
205.684000 3488.000000
205.935000 3496.000000
206.122000 3504.000000
206.293000 3512.000000
206.470000 3520.000000
206.664000 3528.000000
206.839000 3536.000000
207.015000 3544.000000
207.187000 3552.000000
207.366000 3560.000000
207.537000 3568.000000
207.725000 3576.000000
207.894000 3584.000000
208.070000 3592.000000
208.244000 3600.000000
208.418000 3608.000000
208.636000 3616.000000
208.818000 3624.000000
209.055000 3632.000000
209.230000 3640.000000
209.427000 3648.000000
209.604000 3656.000000
209.788000 3664.000000
210.027000 3672.000000
210.203000 3680.000000
210.403000 3688.000000
210.635000 3696.000000
210.810000 3704.000000
211.007000 3712.000000
211.180000 3720.000000
211.360000 3728.000000
211.604000 3736.000000
211.781000 3744.000000
211.979000 3752.000000
212.156000 3760.000000
212.287000 3768.000000
212.415000 3776.000000
212.566000 3784.000000
212.718000 3792.000000
212.853000 3800.000000
212.984000 3808.000000
213.117000 3816.000000
213.249000 3824.000000
213.376000 3832.000000
213.510000 3840.000000
213.684000 3848.000000
213.815000 3856.000000
213.945000 3864.000000
214.075000 3872.000000
214.206000 3880.000000
214.336000 3888.000000
214.471000 3896.000000
214.609000 3904.000000
214.754000 3912.000000
214.883000 3920.000000
215.015000 3928.000000
215.142000 3936.000000
215.276000 3944.000000
215.402000 3952.000000
215.537000 3960.000000
215.665000 3968.000000
215.795000 3976.000000
215.932000 3984.000000
216.063000 3992.000000
216.240000 4000.000000
216.373000 4008.000000
216.504000 4016.000000
216.661000 4024.000000
216.807000 4032.000000
216.936000 4040.000000
217.080000 4048.000000
217.183000 4056.000000
218.434000 4064.000000
218.534000 4072.000000
218.668000 4080.000000
218.762000 4088.000000
218.930000 4096.000000
219.033000 4104.000000
219.340000 4112.000000
219.565000 4120.000000
219.662000 4128.000000
219.800000 4136.000000
219.893000 4144.000000
220.047000 4152.000000
220.213000 4160.000000
220.329000 4168.000000
220.441000 4176.000000
220.636000 4184.000000
220.731000 4192.000000
220.888000 4200.000000
220.990000 4208.000000
221.092000 4216.000000
221.197000 4224.000000
221.298000 4232.000000
221.402000 4240.000000
221.505000 4248.000000
221.580000 4256.000000
221.685000 4264.000000
221.758000 4272.000000
221.861000 4280.000000
221.944000 4288.000000
222.047000 4296.000000
222.149000 4304.000000
222.253000 4312.000000
222.356000 4320.000000
222.459000 4328.000000
222.596000 4336.000000
222.774000 4344.000000
222.902000 4352.000000
222.994000 4360.000000
223.116000 4368.000000
223.232000 4376.000000
223.336000 4384.000000
223.440000 4392.000000
223.544000 4400.000000
223.645000 4408.000000
223.750000 4416.000000
223.852000 4424.000000
223.958000 4432.000000
224.061000 4440.000000
224.134000 4448.000000
224.241000 4456.000000
224.347000 4464.000000
224.449000 4472.000000
224.594000 4480.000000
224.699000 4488.000000
224.803000 4496.000000
224.905000 4504.000000
225.008000 4512.000000
225.112000 4520.000000
225.214000 4528.000000
225.318000 4536.000000
225.390000 4544.000000
225.499000 4552.000000
225.604000 4560.000000
225.706000 4568.000000
225.808000 4576.000000
225.911000 4584.000000
225.984000 4592.000000
226.091000 4600.000000
226.163000 4608.000000
226.267000 4616.000000
226.372000 4624.000000
226.473000 4632.000000
226.579000 4640.000000
226.682000 4648.000000
226.785000 4656.000000
226.889000 4664.000000
226.961000 4672.000000
227.065000 4680.000000
227.170000 4688.000000
227.272000 4696.000000
227.374000 4704.000000
227.476000 4712.000000
227.579000 4720.000000
227.688000 4728.000000
227.760000 4736.000000
227.865000 4744.000000
227.970000 4752.000000
228.072000 4760.000000
228.145000 4768.000000
228.251000 4776.000000
228.353000 4784.000000
228.457000 4792.000000
228.578000 4800.000000
228.686000 4808.000000
228.797000 4816.000000
228.916000 4824.000000
229.022000 4832.000000
229.127000 4840.000000
229.229000 4848.000000
229.305000 4856.000000
229.408000 4864.000000
229.481000 4872.000000
229.587000 4880.000000
229.691000 4888.000000
229.792000 4896.000000
229.897000 4904.000000
230.005000 4912.000000
230.116000 4920.000000
230.200000 4928.000000
230.287000 4936.000000
230.373000 4944.000000
230.460000 4952.000000
230.546000 4960.000000
230.607000 4968.000000
230.693000 4976.000000
230.757000 4984.000000
230.844000 4992.000000
230.936000 5000.000000
231.022000 5008.000000
231.083000 5016.000000
231.181000 5024.000000
231.270000 5032.000000
231.354000 5040.000000
231.415000 5048.000000
231.504000 5056.000000
231.565000 5064.000000
231.654000 5072.000000
231.715000 5080.000000
231.802000 5088.000000
231.896000 5096.000000
231.981000 5104.000000
232.067000 5112.000000
232.154000 5120.000000
232.241000 5128.000000
232.327000 5136.000000
232.414000 5144.000000
232.499000 5152.000000
232.609000 5160.000000
232.698000 5168.000000
232.792000 5176.000000
232.877000 5184.000000
232.964000 5192.000000
233.050000 5200.000000
233.135000 5208.000000
233.222000 5216.000000
233.308000 5224.000000
233.393000 5232.000000
233.481000 5240.000000
233.566000 5248.000000
233.654000 5256.000000
233.729000 5264.000000
233.792000 5272.000000
233.880000 5280.000000
233.965000 5288.000000
234.052000 5296.000000
234.138000 5304.000000
234.225000 5312.000000
234.311000 5320.000000
234.398000 5328.000000
234.483000 5336.000000
234.572000 5344.000000
234.660000 5352.000000
234.748000 5360.000000
234.833000 5368.000000
234.920000 5376.000000
235.007000 5384.000000
235.098000 5392.000000
235.195000 5400.000000
235.278000 5408.000000
235.365000 5416.000000
235.451000 5424.000000
235.544000 5432.000000
235.630000 5440.000000
235.715000 5448.000000
235.800000 5456.000000
235.888000 5464.000000
235.971000 5472.000000
236.059000 5480.000000
236.143000 5488.000000
236.229000 5496.000000
236.314000 5504.000000
236.401000 5512.000000
236.581000 5520.000000
236.684000 5528.000000
236.747000 5536.000000
236.907000 5544.000000
236.970000 5552.000000
237.073000 5560.000000
237.164000 5568.000000
237.251000 5576.000000
237.313000 5584.000000
237.405000 5592.000000
237.527000 5600.000000
237.599000 5608.000000
237.686000 5616.000000
237.747000 5624.000000
237.835000 5632.000000
237.921000 5640.000000
238.005000 5648.000000
238.092000 5656.000000
238.176000 5664.000000
238.265000 5672.000000
238.351000 5680.000000
238.436000 5688.000000
238.527000 5696.000000
238.613000 5704.000000
238.699000 5712.000000
238.784000 5720.000000
238.886000 5728.000000
238.960000 5736.000000
239.033000 5744.000000
239.108000 5752.000000
239.202000 5760.000000
239.492000 5768.000000
239.970000 5776.000000
240.513000 5784.000000
241.021000 5792.000000
241.550000 5800.000000
241.913000 5808.000000
242.469000 5816.000000
243.009000 5824.000000
243.505000 5832.000000
243.885000 5840.000000
244.405000 5848.000000
245.178000 5856.000000
245.559000 5864.000000
246.102000 5872.000000
246.475000 5880.000000
247.055000 5888.000000
247.424000 5896.000000
247.936000 5904.000000
248.314000 5912.000000
248.905000 5920.000000
249.291000 5928.000000
249.573000 5936.000000
249.767000 5944.000000
250.044000 5952.000000
250.243000 5960.000000
250.514000 5968.000000
250.713000 5976.000000
250.987000 5984.000000
251.176000 5992.000000
251.445000 6000.000000
251.640000 6008.000000
251.915000 6016.000000
252.109000 6024.000000
252.388000 6032.000000
252.648000 6040.000000
252.893000 6048.000000
253.209000 6056.000000
253.571000 6064.000000
253.855000 6072.000000
254.154000 6080.000000
254.515000 6088.000000
254.778000 6096.000000
255.075000 6104.000000
255.428000 6112.000000
255.694000 6120.000000
255.960000 6128.000000
256.235000 6136.000000
256.607000 6144.000000
256.975000 6152.000000
257.192000 6160.000000
257.454000 6168.000000
257.651000 6176.000000
257.790000 6184.000000
258.041000 6192.000000
258.170000 6200.000000
258.339000 6208.000000
258.513000 6216.000000
258.711000 6224.000000
258.889000 6232.000000
259.066000 6240.000000
259.296000 6248.000000
259.473000 6256.000000
259.645000 6264.000000
259.819000 6272.000000
260.015000 6280.000000
260.246000 6288.000000
260.424000 6296.000000
260.666000 6304.000000
260.907000 6312.000000
261.080000 6320.000000
261.250000 6328.000000
261.426000 6336.000000
261.621000 6344.000000
261.795000 6352.000000
262.036000 6360.000000
262.212000 6368.000000
262.404000 6376.000000
262.645000 6384.000000
262.823000 6392.000000
262.994000 6400.000000
263.169000 6408.000000
263.362000 6416.000000
263.598000 6424.000000
263.771000 6432.000000
263.943000 6440.000000
264.118000 6448.000000
264.290000 6456.000000
264.474000 6464.000000
264.695000 6472.000000
264.935000 6480.000000
265.110000 6488.000000
265.282000 6496.000000
265.461000 6504.000000
265.633000 6512.000000
265.812000 6520.000000
266.004000 6528.000000
266.135000 6536.000000
266.290000 6544.000000
266.461000 6552.000000
266.594000 6560.000000
266.739000 6568.000000
266.916000 6576.000000
267.048000 6584.000000
267.193000 6592.000000
267.323000 6600.000000
267.453000 6608.000000
267.584000 6616.000000
267.720000 6624.000000
267.847000 6632.000000
267.981000 6640.000000
268.108000 6648.000000
268.242000 6656.000000
268.368000 6664.000000
268.498000 6672.000000
268.706000 6680.000000
268.838000 6688.000000
268.937000 6696.000000
269.066000 6704.000000
269.204000 6712.000000
269.333000 6720.000000
269.463000 6728.000000
269.593000 6736.000000
269.723000 6744.000000
269.851000 6752.000000
269.982000 6760.000000
270.128000 6768.000000
270.304000 6776.000000
270.434000 6784.000000
270.588000 6792.000000
270.713000 6800.000000
270.845000 6808.000000
270.974000 6816.000000
271.105000 6824.000000
271.278000 6832.000000
271.472000 6840.000000
271.757000 6848.000000
271.904000 6856.000000
272.090000 6864.000000
272.223000 6872.000000
272.371000 6880.000000
272.599000 6888.000000
272.738000 6896.000000
272.888000 6904.000000
273.015000 6912.000000
273.148000 6920.000000
273.323000 6928.000000
273.455000 6936.000000
273.608000 6944.000000
273.736000 6952.000000
273.869000 6960.000000
273.995000 6968.000000
274.129000 6976.000000
274.256000 6984.000000
274.386000 6992.000000
274.547000 7000.000000
274.738000 7008.000000
274.907000 7016.000000
275.051000 7024.000000
275.191000 7032.000000
275.330000 7040.000000
275.435000 7048.000000
275.537000 7056.000000
275.640000 7064.000000
275.743000 7072.000000
275.847000 7080.000000
275.951000 7088.000000
276.053000 7096.000000
276.159000 7104.000000
276.265000 7112.000000
276.366000 7120.000000
276.471000 7128.000000
276.618000 7136.000000
276.757000 7144.000000
276.863000 7152.000000
276.965000 7160.000000
277.070000 7168.000000
277.185000 7176.000000
277.357000 7184.000000
277.461000 7192.000000
277.577000 7200.000000
277.691000 7208.000000
277.795000 7216.000000
277.937000 7224.000000
278.041000 7232.000000
278.158000 7240.000000
278.258000 7248.000000
278.362000 7256.000000
278.471000 7264.000000
278.576000 7272.000000
278.679000 7280.000000
278.783000 7288.000000
278.883000 7296.000000
278.990000 7304.000000
279.090000 7312.000000
279.197000 7320.000000
279.337000 7328.000000
279.442000 7336.000000
279.548000 7344.000000
279.652000 7352.000000
279.756000 7360.000000
279.860000 7368.000000
279.964000 7376.000000
280.067000 7384.000000
280.182000 7392.000000
280.285000 7400.000000
280.388000 7408.000000
280.492000 7416.000000
280.621000 7424.000000
280.724000 7432.000000
280.830000 7440.000000
280.931000 7448.000000
281.037000 7456.000000
281.138000 7464.000000
281.242000 7472.000000
281.345000 7480.000000
281.449000 7488.000000
281.552000 7496.000000
281.657000 7504.000000
281.765000 7512.000000
281.871000 7520.000000
281.972000 7528.000000
282.079000 7536.000000
282.218000 7544.000000
282.320000 7552.000000
282.423000 7560.000000
282.527000 7568.000000
282.629000 7576.000000
282.733000 7584.000000
282.840000 7592.000000
282.945000 7600.000000
283.046000 7608.000000
283.151000 7616.000000
283.252000 7624.000000
283.355000 7632.000000
283.457000 7640.000000
283.561000 7648.000000
283.668000 7656.000000
283.774000 7664.000000
283.881000 7672.000000
283.986000 7680.000000
284.097000 7688.000000
284.185000 7696.000000
284.269000 7704.000000
284.355000 7712.000000
284.442000 7720.000000
284.533000 7728.000000
284.634000 7736.000000
284.721000 7744.000000
284.805000 7752.000000
284.899000 7760.000000
284.983000 7768.000000
285.071000 7776.000000
285.155000 7784.000000
285.241000 7792.000000
285.327000 7800.000000
285.413000 7808.000000
285.499000 7816.000000
285.585000 7824.000000
285.670000 7832.000000
285.763000 7840.000000
285.848000 7848.000000
285.936000 7856.000000
286.021000 7864.000000
286.107000 7872.000000
286.193000 7880.000000
286.278000 7888.000000
286.365000 7896.000000
286.451000 7904.000000
286.535000 7912.000000
286.626000 7920.000000
286.728000 7928.000000
286.818000 7936.000000
286.903000 7944.000000
286.988000 7952.000000
287.076000 7960.000000
287.159000 7968.000000
287.247000 7976.000000
287.332000 7984.000000
287.418000 7992.000000
287.504000 8000.000000
287.596000 8008.000000
287.681000 8016.000000
287.768000 8024.000000
287.852000 8032.000000
287.942000 8040.000000
288.025000 8048.000000
288.113000 8056.000000
288.198000 8064.000000
288.284000 8072.000000
288.370000 8080.000000
288.456000 8088.000000
288.561000 8096.000000
288.685000 8104.000000
288.787000 8112.000000
288.939000 8120.000000
289.013000 8128.000000
289.108000 8136.000000
289.171000 8144.000000
289.264000 8152.000000
289.366000 8160.000000
289.462000 8168.000000
289.548000 8176.000000
289.639000 8184.000000
289.725000 8192.000000
289.813000 8200.000000
289.897000 8208.000000
289.986000 8216.000000
290.070000 8224.000000
290.156000 8232.000000
290.241000 8240.000000
290.328000 8248.000000
290.415000 8256.000000
290.505000 8264.000000
290.590000 8272.000000
290.677000 8280.000000
290.761000 8288.000000
290.849000 8296.000000
290.932000 8304.000000
291.018000 8312.000000
291.104000 8320.000000
291.191000 8328.000000
291.277000 8336.000000
291.363000 8344.000000
291.453000 8352.000000
291.541000 8360.000000
291.625000 8368.000000
291.736000 8376.000000
291.832000 8384.000000
291.974000 8392.000000
292.042000 8400.000000
292.131000 8408.000000
292.195000 8416.000000
292.288000 8424.000000
292.362000 8432.000000
292.479000 8440.000000
292.647000 8448.000000
292.721000 8456.000000
292.796000 8464.000000
292.871000 8472.000000
292.962000 8480.000000
293.057000 8488.000000
293.131000 8496.000000
293.205000 8504.000000
293.327000 8512.000000
293.401000 8520.000000
293.479000 8528.000000
293.554000 8536.000000
293.626000 8544.000000
293.701000 8552.000000
293.774000 8560.000000
293.848000 8568.000000
293.921000 8576.000000
293.995000 8584.000000
294.069000 8592.000000
294.143000 8600.000000
294.250000 8608.000000
294.600000 8616.000000
295.215000 8624.000000
295.805000 8632.000000
296.198000 8640.000000
296.887000 8648.000000
297.498000 8656.000000
298.068000 8664.000000
298.608000 8672.000000
299.111000 8680.000000
299.621000 8688.000000
300.199000 8696.000000
300.865000 8704.000000
301.454000 8712.000000
301.997000 8720.000000
302.370000 8728.000000
302.945000 8736.000000
303.304000 8744.000000
303.816000 8752.000000
304.195000 8760.000000
304.703000 8768.000000
304.903000 8776.000000
305.184000 8784.000000
305.377000 8792.000000
305.665000 8800.000000
305.865000 8808.000000
306.141000 8816.000000
306.330000 8824.000000
306.603000 8832.000000
306.790000 8840.000000
307.061000 8848.000000
307.255000 8856.000000
307.524000 8864.000000
307.713000 8872.000000
307.994000 8880.000000
308.181000 8888.000000
308.461000 8896.000000
308.722000 8904.000000
309.001000 8912.000000
309.195000 8920.000000
309.474000 8928.000000
309.746000 8936.000000
309.935000 8944.000000
310.215000 8952.000000
310.404000 8960.000000
310.672000 8968.000000
310.862000 8976.000000
311.097000 8984.000000
311.220000 8992.000000
311.406000 9000.000000
311.528000 9008.000000
311.703000 9016.000000
311.830000 9024.000000
312.006000 9032.000000
312.129000 9040.000000
312.307000 9048.000000
312.433000 9056.000000
312.675000 9064.000000
312.804000 9072.000000
312.980000 9080.000000
313.103000 9088.000000
313.231000 9096.000000
313.367000 9104.000000
313.543000 9112.000000
313.670000 9120.000000
313.844000 9128.000000
313.967000 9136.000000
314.146000 9144.000000
314.270000 9152.000000
314.446000 9160.000000
314.576000 9168.000000
314.765000 9176.000000
314.951000 9184.000000
315.149000 9192.000000
315.327000 9200.000000
315.505000 9208.000000
315.676000 9216.000000
315.852000 9224.000000
316.028000 9232.000000
316.202000 9240.000000
316.436000 9248.000000
316.647000 9256.000000
316.821000 9264.000000
317.000000 9272.000000
317.186000 9280.000000
317.370000 9288.000000
317.564000 9296.000000
317.799000 9304.000000
317.974000 9312.000000
318.166000 9320.000000
318.403000 9328.000000
318.578000 9336.000000
318.752000 9344.000000
318.925000 9352.000000
319.104000 9360.000000
319.278000 9368.000000
319.449000 9376.000000
319.626000 9384.000000
319.797000 9392.000000
319.972000 9400.000000
320.124000 9408.000000
320.253000 9416.000000
320.382000 9424.000000
320.512000 9432.000000
320.672000 9440.000000
320.802000 9448.000000
320.946000 9456.000000
321.122000 9464.000000
321.251000 9472.000000
321.397000 9480.000000
321.525000 9488.000000
321.657000 9496.000000
321.799000 9504.000000
321.893000 9512.000000
322.036000 9520.000000
322.135000 9528.000000
322.267000 9536.000000
322.358000 9544.000000
322.492000 9552.000000
322.583000 9560.000000
322.784000 9568.000000
322.884000 9576.000000
323.020000 9584.000000
323.168000 9592.000000
323.274000 9600.000000
323.407000 9608.000000
323.499000 9616.000000
323.642000 9624.000000
323.734000 9632.000000
323.870000 9640.000000
323.962000 9648.000000
324.092000 9656.000000
324.184000 9664.000000
324.316000 9672.000000
324.408000 9680.000000
324.604000 9688.000000
324.743000 9696.000000
324.872000 9704.000000
324.968000 9712.000000
325.099000 9720.000000
325.236000 9728.000000
325.368000 9736.000000
325.498000 9744.000000
325.628000 9752.000000
325.760000 9760.000000
325.888000 9768.000000
326.021000 9776.000000
326.149000 9784.000000
326.282000 9792.000000
326.410000 9800.000000
326.546000 9808.000000
326.677000 9816.000000
326.807000 9824.000000
326.937000 9832.000000
327.067000 9840.000000
327.195000 9848.000000
327.327000 9856.000000
327.456000 9864.000000
327.587000 9872.000000
327.716000 9880.000000
327.808000 9888.000000
327.950000 9896.000000
328.042000 9904.000000
328.173000 9912.000000
328.269000 9920.000000
328.400000 9928.000000
328.492000 9936.000000
328.649000 9944.000000
328.793000 9952.000000
328.922000 9960.000000
329.016000 9968.000000
329.144000 9976.000000
329.286000 9984.000000
329.406000 9992.000000
329.583000 10000.000000
329.701000 10008.000000
329.805000 10016.000000
329.879000 10024.000000
330.019000 10032.000000
330.132000 10040.000000
330.250000 10048.000000
330.328000 10056.000000
330.434000 10064.000000
330.508000 10072.000000
330.615000 10080.000000
330.724000 10088.000000
330.828000 10096.000000
330.931000 10104.000000
331.033000 10112.000000
331.137000 10120.000000
331.239000 10128.000000
331.343000 10136.000000
331.445000 10144.000000
331.548000 10152.000000
331.652000 10160.000000
331.760000 10168.000000
331.864000 10176.000000
331.968000 10184.000000
332.071000 10192.000000
332.175000 10200.000000
332.277000 10208.000000
332.382000 10216.000000
332.484000 10224.000000
332.636000 10232.000000
332.743000 10240.000000
332.846000 10248.000000
332.956000 10256.000000
333.029000 10264.000000
333.134000 10272.000000
333.240000 10280.000000
333.342000 10288.000000
333.414000 10296.000000
333.520000 10304.000000
333.623000 10312.000000
333.739000 10320.000000
333.842000 10328.000000
333.944000 10336.000000
334.056000 10344.000000
334.158000 10352.000000
334.263000 10360.000000
334.366000 10368.000000
334.473000 10376.000000
334.549000 10384.000000
334.653000 10392.000000
334.727000 10400.000000
334.832000 10408.000000
334.906000 10416.000000
335.011000 10424.000000
335.122000 10432.000000
335.224000 10440.000000
335.329000 10448.000000
335.430000 10456.000000
335.540000 10464.000000
335.651000 10472.000000
335.755000 10480.000000
335.859000 10488.000000
335.963000 10496.000000
336.064000 10504.000000
336.170000 10512.000000
336.276000 10520.000000
336.383000 10528.000000
336.485000 10536.000000
336.607000 10544.000000
336.725000 10552.000000
336.827000 10560.000000
336.933000 10568.000000
337.034000 10576.000000
337.138000 10584.000000
337.241000 10592.000000
337.352000 10600.000000
337.454000 10608.000000
337.558000 10616.000000
337.659000 10624.000000
337.765000 10632.000000
337.866000 10640.000000
337.972000 10648.000000
338.072000 10656.000000
338.177000 10664.000000
338.263000 10672.000000
338.349000 10680.000000
338.442000 10688.000000
338.528000 10696.000000
338.612000 10704.000000
338.700000 10712.000000
338.784000 10720.000000
338.872000 10728.000000
338.956000 10736.000000
339.041000 10744.000000
339.128000 10752.000000
339.214000 10760.000000
339.335000 10768.000000
339.419000 10776.000000
339.503000 10784.000000
339.592000 10792.000000
339.676000 10800.000000
339.763000 10808.000000
339.847000 10816.000000
339.934000 10824.000000
340.020000 10832.000000
340.107000 10840.000000
340.192000 10848.000000
340.284000 10856.000000
340.368000 10864.000000
340.456000 10872.000000
340.560000 10880.000000
340.660000 10888.000000
340.746000 10896.000000
340.807000 10904.000000
340.896000 10912.000000
340.982000 10920.000000
341.066000 10928.000000
341.154000 10936.000000
341.245000 10944.000000
341.306000 10952.000000
341.395000 10960.000000
341.481000 10968.000000
341.567000 10976.000000
341.628000 10984.000000
341.715000 10992.000000
341.804000 11000.000000
341.889000 11008.000000
341.950000 11016.000000
342.039000 11024.000000
342.130000 11032.000000
342.248000 11040.000000
342.312000 11048.000000
342.405000 11056.000000
342.591000 11064.000000
342.659000 11072.000000
342.749000 11080.000000
342.810000 11088.000000
342.898000 11096.000000
342.987000 11104.000000
343.072000 11112.000000
343.363000 11120.000000
347.850000 11128.000000
348.917000 11136.000000
