51.921000 11120.364258
52.046000 11128.364258
52.133000 11136.364258
52.223000 11144.364258
52.280000 11152.364258
52.351000 11160.364258
52.452000 11168.364258
52.578000 11176.364258
52.662000 11184.364258
52.760000 11192.364258
52.868000 11200.364258
52.948000 11208.364258
53.014000 11216.364258
53.084000 11224.364258
53.163000 11232.364258
53.328000 11240.364258
53.403000 11248.364258
53.476000 11256.364258
53.548000 11264.364258
53.619000 11272.364258
53.691000 11280.364258
53.763000 11288.364258
53.830000 11296.364258
53.895000 11304.364258
53.959000 11312.364258
54.018000 11320.364258
54.064000 11328.364258
54.123000 11336.364258
54.181000 11344.364258
54.240000 11352.364258
54.298000 11360.364258
54.356000 11368.364258
54.414000 11376.364258
54.471000 11384.364258
54.536000 11392.364258
54.603000 11400.364258
54.670000 11408.364258
54.737000 11416.364258
54.803000 11424.364258
54.871000 11432.364258
54.935000 11440.364258
54.994000 11448.364258
55.052000 11456.364258
55.110000 11464.364258
55.171000 11472.364258
55.229000 11480.364258
55.287000 11488.364258
55.345000 11496.364258
55.402000 11504.364258
55.461000 11512.364258
55.518000 11520.364258
55.578000 11528.364258
55.635000 11536.364258
55.697000 11544.364258
55.768000 11552.364258
55.836000 11560.364258
55.925000 11568.364258
55.983000 11576.364258
56.048000 11584.364258
56.108000 11592.364258
56.165000 11600.364258
56.224000 11608.364258
56.281000 11616.364258
56.340000 11624.364258
56.398000 11632.364258
56.459000 11640.364258
56.563000 11648.364258
56.634000 11656.364258
56.698000 11664.364258
56.768000 11672.364258
56.832000 11680.364258
56.901000 11688.364258
56.972000 11696.364258
57.039000 11704.364258
57.106000 11712.364258
57.173000 11720.364258
57.243000 11728.364258
57.309000 11736.364258
57.375000 11744.364258
57.446000 11752.364258
57.519000 11760.364258
57.587000 11768.364258
57.652000 11776.364258
57.719000 11784.364258
57.786000 11792.364258
57.853000 11800.364258
57.922000 11808.364258
57.989000 11816.364258
58.082000 11824.364258
58.143000 11832.364258
58.222000 11840.364258
58.289000 11848.364258
58.369000 11856.364258
58.436000 11864.364258
58.515000 11872.364258
58.583000 11880.364258
58.661000 11888.364258
58.728000 11896.364258
58.813000 11904.364258
58.880000 11912.364258
58.958000 11920.364258
59.029000 11928.364258
59.099000 11936.364258
59.159000 11944.364258
59.241000 11952.364258
59.300000 11960.364258
59.367000 11968.364258
59.453000 11976.364258
59.520000 11984.364258
59.585000 11992.364258
59.651000 12000.364258
59.716000 12008.364258
59.783000 12016.364258
59.850000 12024.364258
59.913000 12032.364258
59.978000 12040.364258
60.051000 12048.364258
60.122000 12056.364258
60.199000 12064.364258
60.268000 12072.364258
60.336000 12080.364258
60.409000 12088.364258
60.577000 12096.364258
60.664000 12104.364258
60.735000 12112.364258
60.808000 12120.364258
60.875000 12128.364258
60.945000 12136.364258
61.012000 12144.364258
61.060000 12152.364258
61.130000 12160.364258
61.202000 12168.364258
61.270000 12176.364258
61.375000 12184.364258
61.448000 12192.364258
61.531000 12200.364258
61.616000 12208.364258
61.689000 12216.364258
61.754000 12224.364258
61.799000 12232.364258
61.888000 12240.364258
61.959000 12248.364258
62.024000 12256.364258
62.092000 12264.364258
62.168000 12272.364258
62.230000 12280.364258
62.301000 12288.364258
62.375000 12296.364258
62.436000 12304.364258
62.494000 12312.364258
62.559000 12320.364258
62.644000 12328.364258
62.713000 12336.364258
62.780000 12344.364258
62.893000 12352.364258
63.005000 12360.364258
63.143000 12368.364258
63.225000 12376.364258
63.340000 12384.364258
63.457000 12392.364258
63.551000 12400.364258
63.678000 12408.364258
63.810000 12416.364258
63.980000 12424.364258
64.142000 12432.364258
64.263000 12440.364258
64.389000 12448.364258
64.666000 12456.364258
64.834000 12464.364258
64.962000 12472.364258
65.053000 12480.364258
65.231000 12488.364258
65.343000 12496.364258
65.482000 12504.364258
65.565000 12512.364258
65.724000 12520.364258
65.882000 12528.364258
66.054000 12536.364258
66.245000 12544.364258
66.617000 12552.364258
66.726000 12560.364258
66.827000 12568.364258
66.989000 12576.364258
67.155000 12584.364258
67.516000 12592.364258
67.703000 12600.364258
68.003000 12608.364258
68.150000 12616.364258
68.198000 12624.364258
68.270000 12632.364258
68.375000 12640.364258
68.448000 12648.364258
68.578000 12656.364258
68.641000 12664.364258
68.706000 12672.364258
68.786000 12680.364258
68.828000 12688.364258
68.889000 12696.364258
68.949000 12704.364258
69.006000 12712.364258
69.066000 12720.364258
69.124000 12728.364258
69.184000 12736.364258
69.241000 12744.364258
69.299000 12752.364258
69.357000 12760.364258
69.418000 12768.364258
69.483000 12776.364258
69.549000 12784.364258
69.606000 12792.364258
69.665000 12800.364258
69.722000 12808.364258
69.782000 12816.364258
69.838000 12824.364258
69.896000 12832.364258
69.978000 12840.364258
70.036000 12848.364258
70.094000 12856.364258
70.154000 12864.364258
70.212000 12872.364258
70.270000 12880.364258
70.327000 12888.364258
70.386000 12896.364258
70.443000 12904.364258
70.502000 12912.364258
70.590000 12920.364258
70.648000 12928.364258
70.713000 12936.364258
70.798000 12944.364258
70.857000 12952.364258
70.920000 12960.364258
70.998000 12968.364258
71.055000 12976.364258
71.120000 12984.364258
71.196000 12992.364258
71.253000 13000.364258
71.317000 13008.364258
71.373000 13016.364258
71.434000 13024.364258
71.490000 13032.364258
71.548000 13040.364258
71.629000 13048.364258
71.697000 13056.364258
71.762000 13064.364258
71.822000 13072.364258
71.888000 13080.364258
71.955000 13088.364258
72.021000 13096.364258
72.083000 13104.364258
72.139000 13112.364258
72.199000 13120.364258
72.255000 13128.364258
72.313000 13136.364258
72.371000 13144.364258
72.429000 13152.364258
72.520000 13160.364258
72.587000 13168.364258
72.654000 13176.364258
72.714000 13184.364258
72.780000 13192.364258
72.842000 13200.364258
72.899000 13208.364258
72.957000 13216.364258
73.023000 13224.364258
73.090000 13232.364258
73.157000 13240.364258
73.224000 13248.364258
73.289000 13256.364258
73.361000 13264.364258
73.429000 13272.364258
73.496000 13280.364258
73.562000 13288.364258
73.628000 13296.364258
73.695000 13304.364258
73.761000 13312.364258
73.850000 13320.364258
73.908000 13328.364258
73.967000 13336.364258
74.025000 13344.364258
74.084000 13352.364258
74.143000 13360.364258
74.207000 13368.364258
74.274000 13376.364258
74.340000 13384.364258
74.406000 13392.364258
74.466000 13400.364258
74.524000 13408.364258
74.582000 13416.364258
74.640000 13424.364258
74.696000 13432.364258
74.758000 13440.364258
74.815000 13448.364258
74.875000 13456.364258
74.939000 13464.364258
74.996000 13472.364258
75.056000 13480.364258
75.112000 13488.364258
75.172000 13496.364258
75.228000 13504.364258
75.286000 13512.364258
75.347000 13520.364258
75.414000 13528.364258
75.488000 13536.364258
75.558000 13544.364258
75.627000 13552.364258
75.700000 13560.364258
75.763000 13568.364258
75.833000 13576.364258
75.874000 13584.364258
75.935000 13592.364258
76.011000 13600.364258
76.074000 13608.364258
76.132000 13616.364258
76.190000 13624.364258
76.248000 13632.364258
76.306000 13640.364258
76.364000 13648.364258
76.421000 13656.364258
76.512000 13664.364258
76.574000 13672.364258
76.633000 13680.364258
76.690000 13688.364258
76.751000 13696.364258
76.808000 13704.364258
76.866000 13712.364258
76.924000 13720.364258
76.982000 13728.364258
77.039000 13736.364258
77.102000 13744.364258
77.144000 13752.364258
77.203000 13760.364258
77.262000 13768.364258
77.319000 13776.364258
77.380000 13784.364258
77.437000 13792.364258
77.498000 13800.364258
77.560000 13808.364258
77.619000 13816.364258
77.712000 13824.364258
77.762000 13832.364258
77.827000 13840.364258
77.901000 13848.364258
77.975000 13856.364258
78.056000 13864.364258
78.124000 13872.364258
78.195000 13880.364258
78.267000 13888.364258
78.325000 13896.364258
78.383000 13904.364258
78.449000 13912.364258
78.516000 13920.364258
78.596000 13928.364258
78.662000 13936.364258
78.713000 13944.364258
78.787000 13952.364258
78.834000 13960.364258
78.898000 13968.364258
78.980000 13976.364258
79.054000 13984.364258
79.149000 13992.364258
79.219000 14000.364258
79.286000 14008.364258
79.379000 14016.364258
79.438000 14024.364258
79.496000 14032.364258
79.555000 14040.364258
79.612000 14048.364258
79.671000 14056.364258
79.730000 14064.364258
79.787000 14072.364258
79.845000 14080.364258
79.903000 14088.364258
79.959000 14096.364258
80.017000 14104.364258
80.076000 14112.364258
80.135000 14120.364258
80.192000 14128.364258
80.249000 14136.364258
80.306000 14144.364258
80.364000 14152.364258
80.450000 14160.364258
80.559000 14168.364258
80.628000 14176.364258
80.694000 14184.364258
80.761000 14192.364258
80.830000 14200.364258
80.896000 14208.364258
80.961000 14216.364258
81.021000 14224.364258
81.078000 14232.364258
81.138000 14240.364258
81.195000 14248.364258
81.253000 14256.364258
81.310000 14264.364258
81.369000 14272.364258
81.441000 14280.364258
81.510000 14288.364258
81.574000 14296.364258
81.635000 14304.364258
81.692000 14312.364258
81.751000 14320.364258
81.808000 14328.364258
81.866000 14336.364258
81.931000 14344.364258
81.998000 14352.364258
82.065000 14360.364258
82.126000 14368.364258
82.183000 14376.364258
82.245000 14384.364258
82.302000 14392.364258
82.361000 14400.364258
82.418000 14408.364258
82.476000 14416.364258
82.534000 14424.364258
82.592000 14432.364258
82.656000 14440.364258
82.719000 14448.364258
82.784000 14456.364258
82.852000 14464.364258
82.917000 14472.364258
82.985000 14480.364258
83.051000 14488.364258
83.122000 14496.364258
83.189000 14504.364258
83.256000 14512.364258
83.323000 14520.364258
83.390000 14528.364258
83.458000 14536.364258
83.525000 14544.364258
83.590000 14552.364258
83.658000 14560.364258
83.724000 14568.364258
83.787000 14576.364258
83.856000 14584.364258
83.918000 14592.364258
83.979000 14600.364258
84.036000 14608.364258
84.099000 14616.364258
84.167000 14624.364258
84.232000 14632.364258
84.293000 14640.364258
84.351000 14648.364258
84.408000 14656.364258
84.475000 14664.364258
84.579000 14672.364258
84.638000 14680.364258
84.702000 14688.364258
84.769000 14696.364258
84.820000 14704.364258
84.887000 14712.364258
84.944000 14720.364258
85.003000 14728.364258
85.061000 14736.364258
85.119000 14744.364258
85.176000 14752.364258
85.235000 14760.364258
85.292000 14768.364258
85.351000 14776.364258
85.430000 14784.364258
85.489000 14792.364258
85.546000 14800.364258
85.604000 14808.364258
85.664000 14816.364258
85.721000 14824.364258
85.779000 14832.364258
85.849000 14840.364258
85.900000 14848.364258
85.967000 14856.364258
86.026000 14864.364258
86.086000 14872.364258
86.163000 14880.364258
86.221000 14888.364258
86.278000 14896.364258
86.336000 14904.364258
86.394000 14912.364258
86.452000 14920.364258
86.509000 14928.364258
86.568000 14936.364258
86.627000 14944.364258
86.686000 14952.364258
86.742000 14960.364258
86.800000 14968.364258
86.857000 14976.364258
86.924000 14984.364258
86.992000 14992.364258
87.051000 15000.364258
87.108000 15008.364258
87.167000 15016.364258
87.223000 15024.364258
87.284000 15032.364258
87.343000 15040.364258
87.403000 15048.364258
87.461000 15056.364258
87.519000 15064.364258
87.576000 15072.364258
87.634000 15080.364258
87.691000 15088.364258
87.750000 15096.364258
87.806000 15104.364258
87.877000 15112.364258
87.955000 15120.364258
88.014000 15128.364258
88.104000 15136.364258
88.163000 15144.364258
88.228000 15152.364258
88.287000 15160.364258
88.345000 15168.364258
88.442000 15176.364258
88.567000 15184.364258
88.628000 15192.364258
88.692000 15200.364258
88.772000 15208.364258
88.830000 15216.364258
88.895000 15224.364258
88.952000 15232.364258
89.011000 15240.364258
89.088000 15248.364258
89.147000 15256.364258
89.233000 15264.364258
89.318000 15272.364258
89.391000 15280.364258
89.484000 15288.364258
89.558000 15296.364258
89.623000 15304.364258
89.693000 15312.364258
89.776000 15320.364258
89.844000 15328.364258
89.915000 15336.364258
89.983000 15344.364258
90.059000 15352.364258
90.171000 15360.364258
90.241000 15368.364258
90.317000 15376.364258
90.381000 15384.364258
90.443000 15392.364258
90.544000 15400.364258
90.615000 15408.364258
90.687000 15416.364258
90.759000 15424.364258
90.825000 15432.364258
90.894000 15440.364258
90.963000 15448.364258
91.034000 15456.364258
91.101000 15464.364258
91.168000 15472.364258
91.234000 15480.364258
91.303000 15488.364258
91.370000 15496.364258
91.443000 15504.364258
91.550000 15512.364258
91.618000 15520.364258
91.683000 15528.364258
91.743000 15536.364258
91.797000 15544.364258
91.862000 15552.364258
91.919000 15560.364258
91.999000 15568.364258
92.059000 15576.364258
92.124000 15584.364258
92.182000 15592.364258
92.240000 15600.364258
92.298000 15608.364258
92.356000 15616.364258
92.414000 15624.364258
92.486000 15632.364258
92.558000 15640.364258
92.635000 15648.364258
92.694000 15656.364258
92.751000 15664.364258
92.812000 15672.364258
92.869000 15680.364258
92.928000 15688.364258
92.984000 15696.364258
93.043000 15704.364258
93.100000 15712.364258
93.158000 15720.364258
93.215000 15728.364258
93.273000 15736.364258
93.331000 15744.364258
93.389000 15752.364258
93.448000 15760.364258
93.507000 15768.364258
93.579000 15776.364258
93.640000 15784.364258
93.697000 15792.364258
93.755000 15800.364258
93.823000 15808.364258
93.879000 15816.364258
93.940000 15824.364258
94.016000 15832.364258
94.077000 15840.364258
94.134000 15848.364258
94.192000 15856.364258
94.250000 15864.364258
94.308000 15872.364258
94.365000 15880.364258
94.423000 15888.364258
94.479000 15896.364258
94.538000 15904.364258
94.596000 15912.364258
94.671000 15920.364258
94.731000 15928.364258
94.789000 15936.364258
94.848000 15944.364258
94.906000 15952.364258
94.963000 15960.364258
95.032000 15968.364258
95.112000 15976.364258
95.170000 15984.364258
95.234000 15992.364258
95.314000 16000.364258
95.372000 16008.364258
95.436000 16016.364258
95.515000 16024.364258
95.572000 16032.364258
95.637000 16040.364258
95.693000 16048.364258
95.761000 16056.364258
95.838000 16064.364258
95.897000 16072.364258
95.956000 16080.364258
96.013000 16088.364258
96.078000 16096.364258
96.155000 16104.364258
96.213000 16112.364258
96.277000 16120.364258
96.359000 16128.364258
96.416000 16136.364258
96.515000 16144.364258
96.597000 16152.364258
96.656000 16160.364258
96.721000 16168.364258
96.797000 16176.364258
96.868000 16184.364258
96.947000 16192.364258
97.006000 16200.364258
97.063000 16208.364258
97.120000 16216.364258
97.179000 16224.364258
97.238000 16232.364258
97.298000 16240.364258
97.356000 16248.364258
97.413000 16256.364258
97.472000 16264.364258
97.528000 16272.364258
97.587000 16280.364258
97.645000 16288.364258
97.702000 16296.364258
97.760000 16304.364258
97.818000 16312.364258
97.879000 16320.364258
97.946000 16328.364258
98.024000 16336.364258
98.083000 16344.364258
98.140000 16352.364258
98.198000 16360.364258
98.263000 16368.364258
98.320000 16376.364258
98.378000 16384.364258
98.433000 16392.364258
98.495000 16400.364258
98.572000 16408.364258
98.630000 16416.364258
98.694000 16424.364258
98.751000 16432.364258
98.808000 16440.364258
98.864000 16448.364258
98.924000 16456.364258
98.981000 16464.364258
99.062000 16472.364258
99.106000 16480.364258
99.164000 16488.364258
99.223000 16496.364258
99.280000 16504.364258
99.339000 16512.364258
99.395000 16520.364258
99.453000 16528.364258
99.512000 16536.364258
99.569000 16544.364258
99.627000 16552.364258
99.685000 16560.364258
99.751000 16568.364258
99.820000 16576.364258
99.877000 16584.364258
99.936000 16592.364258
99.993000 16600.364258
100.051000 16608.364258
100.110000 16616.364258
100.151000 16624.364258
100.209000 16632.364258
100.268000 16640.364258
100.324000 16648.364258
100.474000 16656.364258
100.572000 16664.364258
101.125000 16672.364258
101.987000 16680.364258
102.513000 16688.364258
103.094000 16696.364258
103.748000 16704.364258
104.301000 16712.364258
105.020000 16720.364258
105.509000 16728.364258
106.128000 16736.364258
106.538000 16744.364258
107.176000 16752.364258
107.800000 16760.364258
108.368000 16768.364258
109.034000 16776.364258
109.621000 16784.364258
110.140000 16792.364258
110.645000 16800.364258
111.046000 16808.364258
111.472000 16816.364258
111.710000 16824.364258
111.996000 16832.364258
112.204000 16840.364258
112.592000 16848.364258
112.951000 16856.364258
113.268000 16864.364258
113.544000 16872.364258
113.750000 16880.364258
114.044000 16888.364258
114.327000 16896.364258
114.618000 16904.364258
114.971000 16912.364258
115.249000 16920.364258
115.526000 16928.364258
115.708000 16936.364258
115.914000 16944.364258
116.111000 16952.364258
116.283000 16960.364258
116.466000 16968.364258
116.705000 16976.364258
116.833000 16984.364258
117.015000 16992.364258
117.139000 17000.364258
117.318000 17008.364258
117.440000 17016.364258
117.618000 17024.364258
117.831000 17032.364258
118.015000 17040.364258
118.143000 17048.364258
118.318000 17056.364258
118.442000 17064.364258
118.628000 17072.364258
118.813000 17080.364258
119.035000 17088.364258
119.253000 17096.364258
119.430000 17104.364258
119.635000 17112.364258
119.845000 17120.364258
120.046000 17128.364258
120.307000 17136.364258
120.841000 17144.364258
121.058000 17152.364258
121.284000 17160.364258
121.496000 17168.364258
121.743000 17176.364258
121.956000 17184.364258
122.174000 17192.364258
122.450000 17200.364258
122.601000 17208.364258
122.780000 17216.364258
122.928000 17224.364258
123.076000 17232.364258
123.209000 17240.364258
123.335000 17248.364258
123.466000 17256.364258
123.592000 17264.364258
123.726000 17272.364258
123.854000 17280.364258
123.983000 17288.364258
124.126000 17296.364258
124.219000 17304.364258
124.350000 17312.364258
124.494000 17320.364258
124.633000 17328.364258
124.764000 17336.364258
124.890000 17344.364258
125.017000 17352.364258
125.156000 17360.364258
125.308000 17368.364258
125.488000 17376.364258
125.616000 17384.364258
125.758000 17392.364258
125.885000 17400.364258
126.012000 17408.364258
126.137000 17416.364258
126.266000 17424.364258
126.403000 17432.364258
126.543000 17440.364258
126.692000 17448.364258
126.841000 17456.364258
126.987000 17464.364258
127.132000 17472.364258
127.281000 17480.364258
127.428000 17488.364258
127.576000 17496.364258
127.722000 17504.364258
127.868000 17512.364258
128.004000 17520.364258
128.127000 17528.364258
128.259000 17536.364258
128.385000 17544.364258
128.568000 17552.364258
128.719000 17560.364258
128.866000 17568.364258
128.997000 17576.364258
129.126000 17584.364258
129.251000 17592.364258
129.382000 17600.364258
129.510000 17608.364258
129.640000 17616.364258
129.783000 17624.364258
129.908000 17632.364258
130.038000 17640.364258
130.163000 17648.364258
130.294000 17656.364258
130.423000 17664.364258
130.525000 17672.364258
130.627000 17680.364258
130.731000 17688.364258
130.844000 17696.364258
130.950000 17704.364258
131.050000 17712.364258
131.153000 17720.364258
131.252000 17728.364258
131.390000 17736.364258
131.490000 17744.364258
131.592000 17752.364258
131.707000 17760.364258
131.825000 17768.364258
131.945000 17776.364258
132.063000 17784.364258
132.179000 17792.364258
132.284000 17800.364258
132.386000 17808.364258
132.501000 17816.364258
132.621000 17824.364258
132.728000 17832.364258
132.844000 17840.364258
132.962000 17848.364258
133.088000 17856.364258
133.206000 17864.364258
133.323000 17872.364258
133.430000 17880.364258
133.530000 17888.364258
133.635000 17896.364258
133.736000 17904.364258
133.838000 17912.364258
133.940000 17920.364258
134.052000 17928.364258
134.165000 17936.364258
134.286000 17944.364258
134.388000 17952.364258
134.493000 17960.364258
134.594000 17968.364258
134.700000 17976.364258
134.801000 17984.364258
134.904000 17992.364258
135.006000 18000.364258
135.108000 18008.364258
135.212000 18016.364258
135.293000 18024.364258
135.399000 18032.364258
135.474000 18040.364258
135.578000 18048.364258
135.653000 18056.364258
135.759000 18064.364258
135.831000 18072.364258
135.935000 18080.364258
136.011000 18088.364258
136.151000 18096.364258
136.224000 18104.364258
136.305000 18112.364258
136.394000 18120.364258
136.489000 18128.364258
136.611000 18136.364258
136.705000 18144.364258
136.793000 18152.364258
136.902000 18160.364258
136.979000 18168.364258
137.108000 18176.364258
137.183000 18184.364258
137.302000 18192.364258
137.431000 18200.364258
137.559000 18208.364258
137.731000 18216.364258
137.851000 18224.364258
137.939000 18232.364258
138.078000 18240.364258
138.155000 18248.364258
138.268000 18256.364258
138.394000 18264.364258
138.515000 18272.364258
138.628000 18280.364258
138.701000 18288.364258
138.807000 18296.364258
138.915000 18304.364258
139.002000 18312.364258
139.089000 18320.364258
139.188000 18328.364258
139.271000 18336.364258
139.358000 18344.364258
139.440000 18352.364258
139.527000 18360.364258
139.610000 18368.364258
139.695000 18376.364258
139.779000 18384.364258
139.864000 18392.364258
139.952000 18400.364258
140.020000 18408.364258
140.113000 18416.364258
140.176000 18424.364258
140.262000 18432.364258
140.347000 18440.364258
140.432000 18448.364258
140.559000 18456.364258
140.647000 18464.364258
140.732000 18472.364258
140.816000 18480.364258
140.904000 18488.364258
140.988000 18496.364258
141.087000 18504.364258
141.187000 18512.364258
141.270000 18520.364258
141.358000 18528.364258
141.442000 18536.364258
141.530000 18544.364258
141.613000 18552.364258
141.699000 18560.364258
141.784000 18568.364258
141.870000 18576.364258
141.966000 18584.364258
142.052000 18592.364258
142.139000 18600.364258
142.227000 18608.364258
142.288000 18616.364258
142.376000 18624.364258
142.464000 18632.364258
142.548000 18640.364258
142.641000 18648.364258
142.728000 18656.364258
142.814000 18664.364258
142.903000 18672.364258
142.989000 18680.364258
143.085000 18688.364258
143.168000 18696.364258
143.254000 18704.364258
143.370000 18712.364258
143.456000 18720.364258
143.542000 18728.364258
143.628000 18736.364258
143.713000 18744.364258
143.802000 18752.364258
143.887000 18760.364258
143.974000 18768.364258
144.059000 18776.364258
144.147000 18784.364258
144.230000 18792.364258
144.316000 18800.364258
144.401000 18808.364258
144.493000 18816.364258
144.563000 18824.364258
144.677000 18832.364258
144.766000 18840.364258
144.851000 18848.364258
144.935000 18856.364258
145.020000 18864.364258
145.106000 18872.364258
145.189000 18880.364258
145.276000 18888.364258
145.360000 18896.364258
145.446000 18904.364258
145.544000 18912.364258
145.642000 18920.364258
145.729000 18928.364258
145.814000 18936.364258
145.900000 18944.364258
145.991000 18952.364258
146.089000 18960.364258
146.178000 18968.364258
146.261000 18976.364258
146.364000 18984.364258
146.435000 18992.364258
146.507000 19000.364258
146.583000 19008.364258
146.640000 19016.364258
146.715000 19024.364258
146.788000 19032.364258
146.860000 19040.364258
146.934000 19048.364258
147.005000 19056.364258
147.077000 19064.364258
147.151000 19072.364258
147.228000 19080.364258
147.312000 19088.364258
147.425000 19096.364258
147.496000 19104.364258
147.570000 19112.364258
147.642000 19120.364258
147.717000 19128.364258
147.797000 19136.364258
147.884000 19144.364258
147.957000 19152.364258
148.032000 19160.364258
148.104000 19168.364258
148.182000 19176.364258
148.254000 19184.364258
148.330000 19192.364258
148.402000 19200.364258
148.484000 19208.364258
148.610000 19216.364258
148.689000 19224.364258
148.760000 19232.364258
148.812000 19240.364258
148.887000 19248.364258
148.960000 19256.364258
149.038000 19264.364258
149.112000 19272.364258
149.183000 19280.364258
149.262000 19288.364258
149.346000 19296.364258
149.430000 19304.364258
149.515000 19312.364258
149.590000 19320.364258
149.663000 19328.364258
149.745000 19336.364258
149.823000 19344.364258
149.897000 19352.364258
149.978000 19360.364258
150.056000 19368.364258
150.127000 19376.364258
150.200000 19384.364258
150.273000 19392.364258
150.346000 19400.364258
150.418000 19408.364258
150.491000 19416.364258
150.562000 19424.364258
150.641000 19432.364258
150.712000 19440.364258
150.786000 19448.364258
150.857000 19456.364258
150.930000 19464.364258
151.040000 19472.364258
151.113000 19480.364258
151.187000 19488.364258
151.260000 19496.364258
151.333000 19504.364258
151.412000 19512.364258
151.483000 19520.364258
151.557000 19528.364258
151.629000 19536.364258
151.753000 19544.364258
151.851000 19552.364258
151.963000 19560.364258
152.062000 19568.364258
152.126000 19576.364258
152.221000 19584.364258
152.319000 19592.364258
152.423000 19600.364258
152.533000 19608.364258
152.683000 19616.364258
152.763000 19624.364258
153.328000 19632.364258
154.180000 19640.364258
154.639000 19648.364258
155.253000 19656.364258
155.863000 19664.364258
156.716000 19672.364258
157.317000 19680.364258
158.003000 19688.364258
158.581000 19696.364258
159.260000 19704.364258
159.830000 19712.364258
160.552000 19720.364258
161.361000 19728.364258
161.882000 19736.364258
162.506000 19744.364258
162.986000 19752.364258
163.249000 19760.364258
163.550000 19768.364258
163.907000 19776.364258
164.184000 19784.364258
164.448000 19792.364258
164.818000 19800.364258
165.031000 19808.364258
165.311000 19816.364258
165.502000 19824.364258
165.782000 19832.364258
165.981000 19840.364258
166.308000 19848.364258
166.684000 19856.364258
166.956000 19864.364258
167.238000 19872.364258
167.556000 19880.364258
167.921000 19888.364258
168.193000 19896.364258
168.517000 19904.364258
168.835000 19912.364258
169.027000 19920.364258
169.309000 19928.364258
169.581000 19936.364258
169.860000 19944.364258
170.145000 19952.364258
170.406000 19960.364258
170.642000 19968.364258
170.832000 19976.364258
171.060000 19984.364258
171.236000 19992.364258
171.410000 20000.364258
171.585000 20008.364258
171.779000 20016.364258
171.953000 20024.364258
172.132000 20032.364258
172.317000 20040.364258
172.444000 20048.364258
172.692000 20056.364258
172.814000 20064.364258
172.991000 20072.364258
173.115000 20080.364258
173.303000 20088.364258
173.514000 20096.364258
173.699000 20104.364258
173.875000 20112.364258
174.046000 20120.364258
174.220000 20128.364258
174.402000 20136.364258
174.610000 20144.364258
174.798000 20152.364258
174.971000 20160.364258
175.145000 20168.364258
175.320000 20176.364258
175.497000 20184.364258
175.620000 20192.364258
175.802000 20200.364258
175.978000 20208.364258
176.153000 20216.364258
176.326000 20224.364258
176.513000 20232.364258
176.718000 20240.364258
176.978000 20248.364258
177.240000 20256.364258
177.430000 20264.364258
177.662000 20272.364258
177.847000 20280.364258
178.085000 20288.364258
178.255000 20296.364258
178.424000 20304.364258
178.600000 20312.364258
178.769000 20320.364258
179.083000 20328.364258
179.217000 20336.364258
179.346000 20344.364258
179.499000 20352.364258
179.630000 20360.364258
179.721000 20368.364258
179.853000 20376.364258
179.944000 20384.364258
180.075000 20392.364258
180.218000 20400.364258
180.366000 20408.364258
180.583000 20416.364258
180.717000 20424.364258
180.843000 20432.364258
180.972000 20440.364258
181.116000 20448.364258
181.245000 20456.364258
181.391000 20464.364258
181.522000 20472.364258
181.653000 20480.364258
181.795000 20488.364258
181.923000 20496.364258
182.051000 20504.364258
182.228000 20512.364258
182.356000 20520.364258
182.552000 20528.364258
182.697000 20536.364258
182.843000 20544.364258
182.981000 20552.364258
183.106000 20560.364258
183.236000 20568.364258
183.364000 20576.364258
183.495000 20584.364258
183.688000 20592.364258
183.816000 20600.364258
183.945000 20608.364258
184.073000 20616.364258
184.215000 20624.364258
184.365000 20632.364258
184.557000 20640.364258
184.708000 20648.364258
184.856000 20656.364258
184.982000 20664.364258
185.118000 20672.364258
185.243000 20680.364258
185.392000 20688.364258
185.540000 20696.364258
185.688000 20704.364258
185.838000 20712.364258
185.985000 20720.364258
186.135000 20728.364258
186.282000 20736.364258
186.429000 20744.364258
186.567000 20752.364258
186.693000 20760.364258
186.840000 20768.364258
187.035000 20776.364258
187.165000 20784.364258
187.291000 20792.364258
187.438000 20800.364258
187.578000 20808.364258
187.707000 20816.364258
187.845000 20824.364258
187.976000 20832.364258
188.109000 20840.364258
188.264000 20848.364258
188.392000 20856.364258
188.543000 20864.364258
188.672000 20872.364258
188.803000 20880.364258
188.949000 20888.364258
189.053000 20896.364258
189.180000 20904.364258
189.475000 20912.364258
189.636000 20920.364258
189.863000 20928.364258
190.011000 20936.364258
190.220000 20944.364258
190.476000 20952.364258
191.097000 20960.364258
191.222000 20968.364258
191.332000 20976.364258
191.467000 20984.364258
191.588000 20992.364258
191.735000 21000.364258
191.838000 21008.364258
191.954000 21016.364258
192.067000 21024.364258
192.168000 21032.364258
192.272000 21040.364258
192.372000 21048.364258
192.474000 21056.364258
192.675000 21064.364258
192.777000 21072.364258
192.892000 21080.364258
193.026000 21088.364258
193.129000 21096.364258
193.232000 21104.364258
193.333000 21112.364258
193.448000 21120.364258
193.581000 21128.364258
193.702000 21136.364258
193.821000 21144.364258
193.926000 21152.364258
194.025000 21160.364258
194.128000 21168.364258
194.230000 21176.364258
194.335000 21184.364258
194.439000 21192.364258
194.540000 21200.364258
194.653000 21208.364258
194.771000 21216.364258
194.912000 21224.364258
195.016000 21232.364258
195.117000 21240.364258
195.218000 21248.364258
195.320000 21256.364258
195.425000 21264.364258
195.527000 21272.364258
195.629000 21280.364258
195.728000 21288.364258
195.847000 21296.364258
195.962000 21304.364258
196.053000 21312.364258
196.170000 21320.364258
196.271000 21328.364258
196.375000 21336.364258
196.476000 21344.364258
196.568000 21352.364258
196.669000 21360.364258
196.821000 21368.364258
196.921000 21376.364258
197.031000 21384.364258
197.116000 21392.364258
197.251000 21400.364258
197.353000 21408.364258
197.456000 21416.364258
197.540000 21424.364258
197.628000 21432.364258
197.712000 21440.364258
197.795000 21448.364258
197.881000 21456.364258
197.963000 21464.364258
198.048000 21472.364258
198.149000 21480.364258
198.225000 21488.364258
198.322000 21496.364258
198.405000 21504.364258
198.492000 21512.364258
198.578000 21520.364258
198.664000 21528.364258
198.748000 21536.364258
198.833000 21544.364258
198.918000 21552.364258
199.003000 21560.364258
199.086000 21568.364258
199.172000 21576.364258
199.265000 21584.364258
199.382000 21592.364258
199.470000 21600.364258
199.566000 21608.364258
199.649000 21616.364258
199.734000 21624.364258
199.820000 21632.364258
199.905000 21640.364258
199.990000 21648.364258
200.074000 21656.364258
200.157000 21664.364258
200.443000 21672.364258
200.660000 21680.364258
200.913000 21688.364258
200.983000 21696.364258
201.049000 21704.364258
201.114000 21712.364258
201.180000 21720.364258
201.244000 21728.364258
201.309000 21736.364258
201.375000 21744.364258
201.448000 21752.364258
201.547000 21760.364258
201.612000 21768.364258
201.678000 21776.364258
201.742000 21784.364258
201.809000 21792.364258
201.873000 21800.364258
201.944000 21808.364258
202.473000 21816.364258
202.543000 21824.364258
202.616000 21832.364258
202.686000 21840.364258
202.802000 21848.364258
202.949000 21856.364258
203.240000 21864.364258
204.893000 21872.364258
205.311000 21880.364258
205.466000 21888.364258
205.931000 21896.364258
206.282000 21904.364258
208.611000 21912.364258
209.996000 21920.125000
