126.444000 22232.728516
127.005000 22240.728516
127.585000 22248.728516
128.198000 22256.728516
128.433000 22264.728516
128.760000 22272.728516
128.936000 22280.728516
129.149000 22288.728516
129.351000 22296.728516
129.557000 22304.728516
129.716000 22312.728516
129.984000 22320.728516
130.123000 22328.728516
130.319000 22336.728516
130.459000 22344.728516
130.657000 22352.728516
130.790000 22360.728516
130.982000 22368.728516
131.123000 22376.728516
131.254000 22384.728516
131.399000 22392.728516
131.591000 22400.728516
131.786000 22408.728516
131.927000 22416.728516
132.135000 22424.728516
132.322000 22432.728516
132.506000 22440.728516
132.761000 22448.728516
133.006000 22456.728516
133.177000 22464.728516
133.282000 22472.728516
133.426000 22480.728516
133.520000 22488.728516
133.665000 22496.728516
133.800000 22504.728516
133.971000 22512.728516
134.065000 22520.728516
134.197000 22528.728516
134.328000 22536.728516
134.455000 22544.728516
134.584000 22552.728516
134.714000 22560.728516
134.844000 22568.728516
134.974000 22576.728516
135.104000 22584.728516
135.237000 22592.728516
135.368000 22600.728516
135.495000 22608.728516
135.625000 22616.728516
135.752000 22624.728516
135.881000 22632.728516
136.010000 22640.728516
136.139000 22648.728516
136.268000 22656.728516
136.398000 22664.728516
136.571000 22672.728516
136.714000 22680.728516
136.842000 22688.728516
136.934000 22696.728516
137.069000 22704.728516
137.162000 22712.728516
137.296000 22720.728516
137.426000 22728.728516
137.554000 22736.728516
137.686000 22744.728516
137.814000 22752.728516
137.954000 22760.728516
138.081000 22768.728516
138.212000 22776.728516
138.341000 22784.728516
138.471000 22792.728516
138.601000 22800.728516
138.731000 22808.728516
138.859000 22816.728516
138.988000 22824.728516
139.090000 22832.728516
139.196000 22840.728516
139.307000 22848.728516
139.412000 22856.728516
139.516000 22864.728516
139.619000 22872.728516
139.723000 22880.728516
139.827000 22888.728516
139.929000 22896.728516
140.035000 22904.728516
140.136000 22912.728516
140.242000 22920.728516
140.350000 22928.728516
140.454000 22936.728516
140.574000 22944.728516
140.649000 22952.728516
140.755000 22960.728516
140.861000 22968.728516
140.963000 22976.728516
141.037000 22984.728516
141.144000 22992.728516
141.249000 23000.728516
141.352000 23008.728516
141.462000 23016.728516
141.564000 23024.728516
141.670000 23032.728516
141.772000 23040.728516
141.877000 23048.728516
141.979000 23056.728516
142.083000 23064.728516
142.187000 23072.728516
142.290000 23080.728516
142.393000 23088.728516
142.497000 23096.728516
142.605000 23104.728516
142.711000 23112.728516
142.812000 23120.728516
142.918000 23128.728516
143.014000 23136.728516
143.138000 23144.728516
143.214000 23152.728516
143.307000 23160.728516
143.394000 23168.728516
143.470000 23176.728516
143.551000 23184.728516
143.628000 23192.728516
143.700000 23200.728516
143.776000 23208.728516
143.864000 23216.728516
143.945000 23224.728516
144.050000 23232.728516
144.216000 23240.728516
144.354000 23248.728516
144.457000 23256.728516
144.669000 23264.728516
144.800000 23272.728516
144.891000 23280.728516
144.993000 23288.728516
145.062000 23296.728516
145.455000 23304.728516
145.941000 23312.728516
146.653000 23320.728516
147.033000 23328.728516
147.575000 23336.728516
147.939000 23344.728516
148.472000 23352.728516
149.234000 23360.728516
149.600000 23368.728516
150.130000 23376.728516
150.496000 23384.728516
151.018000 23392.728516
151.381000 23400.728516
151.888000 23408.728516
152.256000 23416.728516
152.885000 23424.728516
153.275000 23432.728516
153.795000 23440.728516
154.170000 23448.728516
154.688000 23456.728516
155.201000 23464.728516
155.455000 23472.728516
155.725000 23480.728516
155.926000 23488.728516
156.242000 23496.728516
156.556000 23504.728516
156.772000 23512.728516
157.094000 23520.728516
157.289000 23528.728516
157.591000 23536.728516
157.879000 23544.728516
158.112000 23552.728516
158.301000 23560.728516
158.426000 23568.728516
158.616000 23576.728516
158.801000 23584.728516
158.997000 23592.728516
160.518000 23600.728516
160.710000 23608.728516
160.902000 23616.728516
161.042000 23624.728516
161.238000 23632.728516
161.455000 23640.728516
161.686000 23648.728516
161.875000 23656.728516
162.050000 23664.728516
162.178000 23672.728516
162.356000 23680.728516
162.538000 23688.728516
162.797000 23696.728516
162.920000 23704.728516
163.111000 23712.728516
163.285000 23720.728516
163.456000 23728.728516
163.636000 23736.728516
163.813000 23744.728516
163.942000 23752.728516
164.120000 23760.728516
164.298000 23768.728516
164.475000 23776.728516
164.680000 23784.728516
164.906000 23792.728516
165.228000 23800.728516
165.335000 23808.728516
165.495000 23816.728516
165.608000 23824.728516
165.765000 23832.728516
165.928000 23840.728516
166.085000 23848.728516
166.278000 23856.728516
167.118000 23864.728516
167.248000 23872.728516
167.379000 23880.728516
167.508000 23888.728516
167.637000 23896.728516
167.771000 23904.728516
167.915000 23912.728516
168.044000 23920.728516
168.174000 23928.728516
168.307000 23936.728516
168.439000 23944.728516
168.609000 23952.728516
168.746000 23960.728516
168.920000 23968.728516
169.049000 23976.728516
169.179000 23984.728516
169.308000 23992.728516
169.454000 24000.728516
169.628000 24008.728516
169.766000 24016.728516
169.893000 24024.728516
170.022000 24032.728516
170.151000 24040.728516
170.285000 24048.728516
170.416000 24056.728516
170.545000 24064.728516
170.688000 24072.728516
170.817000 24080.728516
170.947000 24088.728516
171.083000 24096.728516
171.228000 24104.728516
171.357000 24112.728516
171.491000 24120.728516
171.618000 24128.728516
171.750000 24136.728516
171.880000 24144.728516
171.985000 24152.728516
172.087000 24160.728516
172.191000 24168.728516
172.294000 24176.728516
172.402000 24184.728516
172.505000 24192.728516
172.635000 24200.728516
172.740000 24208.728516
172.845000 24216.728516
172.947000 24224.728516
173.051000 24232.728516
173.154000 24240.728516
173.257000 24248.728516
173.360000 24256.728516
173.468000 24264.728516
173.571000 24272.728516
173.675000 24280.728516
173.776000 24288.728516
173.881000 24296.728516
173.982000 24304.728516
174.085000 24312.728516
174.189000 24320.728516
174.291000 24328.728516
174.394000 24336.728516
174.498000 24344.728516
174.605000 24352.728516
174.710000 24360.728516
174.811000 24368.728516
174.916000 24376.728516
175.017000 24384.728516
175.120000 24392.728516
175.225000 24400.728516
175.329000 24408.728516
175.432000 24416.728516
175.535000 24424.728516
175.648000 24432.728516
175.922000 24440.728516
176.032000 24448.728516
176.139000 24456.728516
176.315000 24464.728516
176.443000 24472.728516
176.580000 24480.728516
176.772000 24488.728516
177.670000 24496.728516
177.858000 24504.728516
178.052000 24512.728516
178.265000 24520.728516
178.507000 24528.728516
178.653000 24536.728516
178.861000 24544.728516
179.067000 24552.728516
179.311000 24560.728516
179.470000 24568.728516
179.599000 24576.728516
179.712000 24584.728516
179.786000 24592.728516
179.902000 24600.728516
179.989000 24608.728516
180.073000 24616.728516
180.160000 24624.728516
180.244000 24632.728516
180.331000 24640.728516
180.415000 24648.728516
180.502000 24656.728516
180.636000 24664.728516
180.728000 24672.728516
180.814000 24680.728516
180.901000 24688.728516
180.985000 24696.728516
181.073000 24704.728516
181.157000 24712.728516
181.245000 24720.728516
181.329000 24728.728516
181.415000 24736.728516
181.502000 24744.728516
181.591000 24752.728516
181.677000 24760.728516
181.762000 24768.728516
181.846000 24776.728516
181.934000 24784.728516
182.018000 24792.728516
182.105000 24800.728516
182.189000 24808.728516
182.275000 24816.728516
182.365000 24824.728516
182.451000 24832.728516
182.541000 24840.728516
182.627000 24848.728516
182.710000 24856.728516
182.797000 24864.728516
182.881000 24872.728516
182.969000 24880.728516
183.054000 24888.728516
183.139000 24896.728516
183.228000 24904.728516
183.313000 24912.728516
183.404000 24920.728516
183.490000 24928.728516
183.574000 24936.728516
183.661000 24944.728516
183.745000 24952.728516
183.832000 24960.728516
183.987000 24968.728516
184.052000 24976.728516
184.156000 24984.728516
184.225000 24992.728516
184.370000 25000.728516
184.472000 25008.728516
184.617000 25016.728516
184.705000 25024.728516
184.791000 25032.728516
184.878000 25040.728516
184.964000 25048.728516
185.049000 25056.728516
185.136000 25064.728516
185.221000 25072.728516
185.308000 25080.728516
185.421000 25088.728516
185.487000 25096.728516
185.583000 25104.728516
185.734000 25112.728516
185.837000 25120.728516
185.938000 25128.728516
186.025000 25136.728516
186.124000 25144.728516
186.240000 25152.728516
186.328000 25160.728516
186.429000 25168.728516
186.514000 25176.728516
186.603000 25184.728516
186.687000 25192.728516
186.797000 25200.728516
186.895000 25208.728516
186.973000 25216.728516
187.076000 25224.728516
187.178000 25232.728516
187.265000 25240.728516
187.352000 25248.728516
187.459000 25256.728516
187.546000 25264.728516
187.631000 25272.728516
187.719000 25280.728516
187.804000 25288.728516
187.900000 25296.728516
187.973000 25304.728516
188.047000 25312.728516
188.121000 25320.728516
188.195000 25328.728516
188.275000 25336.728516
188.349000 25344.728516
188.422000 25352.728516
188.498000 25360.728516
188.593000 25368.728516
188.676000 25376.728516
188.749000 25384.728516
188.823000 25392.728516
188.897000 25400.728516
188.970000 25408.728516
189.043000 25416.728516
189.126000 25424.728516
189.199000 25432.728516
189.277000 25440.728516
189.333000 25448.728516
189.806000 25456.728516
190.246000 25464.728516
190.783000 25472.728516
191.365000 25480.728516
191.946000 25488.728516
192.440000 25496.728516
193.174000 25504.728516
193.789000 25512.728516
194.477000 25520.728516
195.069000 25528.728516
195.635000 25536.728516
196.335000 25544.728516
196.990000 25552.728516
197.822000 25560.728516
198.354000 25568.728516
198.864000 25576.728516
199.445000 25584.728516
200.167000 25592.728516
201.011000 25600.728516
201.325000 25608.728516
201.637000 25616.728516
202.039000 25624.728516
202.320000 25632.728516
202.614000 25640.728516
202.965000 25648.728516
203.234000 25656.728516
203.553000 25664.728516
203.907000 25672.728516
204.125000 25680.728516
204.324000 25688.728516
204.605000 25696.728516
204.896000 25704.728516
205.115000 25712.728516
205.341000 25720.728516
205.616000 25728.728516
205.792000 25736.728516
206.011000 25744.728516
206.185000 25752.728516
206.363000 25760.728516
206.597000 25768.728516
206.775000 25776.728516
206.948000 25784.728516
207.124000 25792.728516
207.298000 25800.728516
207.473000 25808.728516
207.650000 25816.728516
207.830000 25824.728516
208.002000 25832.728516
208.180000 25840.728516
208.351000 25848.728516
208.567000 25856.728516
208.749000 25864.728516
208.925000 25872.728516
209.122000 25880.728516
209.360000 25888.728516
209.540000 25896.728516
209.720000 25904.728516
209.897000 25912.728516
210.094000 25920.728516
210.333000 25928.728516
210.509000 25936.728516
210.702000 25944.728516
210.939000 25952.728516
211.117000 25960.728516
211.291000 25968.728516
211.467000 25976.728516
211.671000 25984.728516
211.926000 25992.728516
212.060000 26000.728516
212.206000 26008.728516
212.333000 26016.728516
212.465000 26024.728516
212.667000 26032.728516
212.800000 26040.728516
212.933000 26048.728516
213.064000 26056.728516
213.198000 26064.728516
213.329000 26072.728516
213.457000 26080.728516
213.590000 26088.728516
213.734000 26096.728516
213.865000 26104.728516
213.994000 26112.728516
214.123000 26120.728516
214.255000 26128.728516
214.382000 26136.728516
214.524000 26144.728516
214.704000 26152.728516
214.836000 26160.728516
214.964000 26168.728516
215.095000 26176.728516
215.225000 26184.728516
215.354000 26192.728516
215.485000 26200.728516
215.617000 26208.728516
215.745000 26216.728516
215.885000 26224.728516
216.012000 26232.728516
216.145000 26240.728516
216.293000 26248.728516
216.420000 26256.728516
216.575000 26264.728516
216.756000 26272.728516
216.889000 26280.728516
217.037000 26288.728516
217.240000 26296.728516
217.351000 26304.728516
217.457000 26312.728516
217.564000 26320.728516
217.672000 26328.728516
217.828000 26336.728516
217.939000 26344.728516
218.062000 26352.728516
218.230000 26360.728516
218.348000 26368.728516
218.479000 26376.728516
218.629000 26384.728516
218.806000 26392.728516
218.977000 26400.728516
219.148000 26408.728516
219.282000 26416.728516
219.455000 26424.728516
219.610000 26432.728516
219.762000 26440.728516
219.937000 26448.728516
220.100000 26456.728516
220.598000 26464.728516
220.782000 26472.728516
220.922000 26480.728516
221.023000 26488.728516
221.125000 26496.728516
221.229000 26504.728516
221.331000 26512.728516
221.435000 26520.728516
221.540000 26528.728516
221.654000 26536.728516
221.792000 26544.728516
221.895000 26552.728516
222.018000 26560.728516
222.118000 26568.728516
222.224000 26576.728516
222.324000 26584.728516
222.428000 26592.728516
222.563000 26600.728516
223.075000 26608.728516
223.196000 26616.728516
223.304000 26624.728516
223.408000 26632.728516
223.512000 26640.728516
223.616000 26648.728516
223.719000 26656.728516
223.822000 26664.728516
223.924000 26672.728516
224.032000 26680.728516
224.169000 26688.728516
224.274000 26696.728516
224.379000 26704.728516
224.485000 26712.728516
224.627000 26720.728516
224.732000 26728.728516
224.835000 26736.728516
224.938000 26744.728516
225.042000 26752.728516
225.145000 26760.728516
225.246000 26768.728516
225.351000 26776.728516
225.471000 26784.728516
225.573000 26792.728516
225.676000 26800.728516
225.777000 26808.728516
225.882000 26816.728516
226.019000 26824.728516
226.124000 26832.728516
226.238000 26840.728516
226.338000 26848.728516
226.444000 26856.728516
226.550000 26864.728516
226.653000 26872.728516
226.754000 26880.728516
226.857000 26888.728516
226.995000 26896.728516
227.099000 26904.728516
227.202000 26912.728516
227.305000 26920.728516
227.408000 26928.728516
227.510000 26936.728516
227.611000 26944.728516
227.721000 26952.728516
227.836000 26960.728516
227.939000 26968.728516
228.042000 26976.728516
228.182000 26984.728516
228.284000 26992.728516
228.385000 27000.728516
228.490000 27008.728516
228.653000 27016.728516
228.769000 27024.728516
228.951000 27032.728516
229.057000 27040.728516
229.160000 27048.728516
229.263000 27056.728516
229.379000 27064.728516
229.516000 27072.728516
229.621000 27080.728516
229.723000 27088.728516
229.828000 27096.728516
229.935000 27104.728516
230.038000 27112.728516
230.143000 27120.728516
230.229000 27128.728516
230.315000 27136.728516
230.401000 27144.728516
230.486000 27152.728516
230.574000 27160.728516
230.669000 27168.728516
230.785000 27176.728516
230.878000 27184.728516
230.962000 27192.728516
231.050000 27200.728516
231.156000 27208.728516
231.243000 27216.728516
231.330000 27224.728516
231.446000 27232.728516
231.532000 27240.728516
231.628000 27248.728516
231.744000 27256.728516
231.837000 27264.728516
231.923000 27272.728516
232.009000 27280.728516
232.096000 27288.728516
232.182000 27296.728516
232.267000 27304.728516
232.356000 27312.728516
232.441000 27320.728516
232.534000 27328.728516
232.642000 27336.728516
232.731000 27344.728516
232.823000 27352.728516
232.910000 27360.728516
232.997000 27368.728516
233.082000 27376.728516
233.166000 27384.728516
233.254000 27392.728516
233.340000 27400.728516
233.428000 27408.728516
233.512000 27416.728516
233.598000 27424.728516
233.825000 27432.728516
233.911000 27440.728516
233.997000 27448.728516
234.083000 27456.728516
234.171000 27464.728516
234.256000 27472.728516
234.343000 27480.728516
234.429000 27488.728516
234.515000 27496.728516
234.608000 27504.728516
234.693000 27512.728516
234.779000 27520.728516
234.866000 27528.728516
234.951000 27536.728516
235.040000 27544.728516
235.160000 27552.728516
235.247000 27560.728516
235.332000 27568.728516
235.419000 27576.728516
235.504000 27584.728516
235.596000 27592.728516
235.682000 27600.728516
235.768000 27608.728516
235.855000 27616.728516
235.941000 27624.728516
236.024000 27632.728516
236.112000 27640.728516
236.196000 27648.728516
236.283000 27656.728516
236.367000 27664.728516
236.495000 27672.728516
236.654000 27680.728516
236.777000 27688.728516
236.878000 27696.728516
237.008000 27704.728516
237.132000 27712.728516
237.227000 27720.728516
237.343000 27728.728516
237.501000 27736.728516
237.627000 27744.728516
237.714000 27752.728516
237.809000 27760.728516
237.894000 27768.728516
237.981000 27776.728516
238.066000 27784.728516
238.152000 27792.728516
238.237000 27800.728516
238.326000 27808.728516
238.410000 27816.728516
238.504000 27824.728516
238.587000 27832.728516
238.673000 27840.728516
238.758000 27848.728516
238.845000 27856.728516
238.938000 27864.728516
239.012000 27872.728516
239.084000 27880.728516
239.177000 27888.728516
239.267000 27896.728516
240.163000 27904.728516
240.820000 27912.728516
241.402000 27920.728516
242.084000 27928.728516
242.661000 27936.728516
243.166000 27944.728516
243.670000 27952.728516
244.254000 27960.728516
244.833000 27968.728516
245.359000 27976.728516
245.934000 27984.728516
246.650000 27992.728516
247.227000 28000.728516
247.793000 28008.728516
248.490000 28016.728516
249.075000 28024.728516
249.494000 28032.728516
249.855000 28040.728516
250.137000 28048.728516
250.436000 28056.728516
250.808000 28064.728516
251.074000 28072.728516
251.370000 28080.728516
251.727000 28088.728516
252.004000 28096.728516
252.309000 28104.728516
252.730000 28112.728516
253.099000 28120.728516
253.377000 28128.728516
253.692000 28136.728516
254.045000 28144.728516
254.319000 28152.728516
254.615000 28160.728516
254.969000 28168.728516
255.236000 28176.728516
255.529000 28184.728516
255.796000 28192.728516
256.068000 28200.728516
256.436000 28208.728516
256.779000 28216.728516
257.079000 28224.728516
257.318000 28232.728516
257.582000 28240.728516
257.851000 28248.728516
257.978000 28256.728516
258.234000 28264.728516
258.406000 28272.728516
258.643000 28280.728516
258.826000 28288.728516
258.997000 28296.728516
259.171000 28304.728516
259.362000 28312.728516
259.535000 28320.728516
259.712000 28328.728516
259.948000 28336.728516
260.121000 28344.728516
260.313000 28352.728516
260.586000 28360.728516
260.774000 28368.728516
260.973000 28376.728516
261.142000 28384.728516
261.320000 28392.728516
261.553000 28400.728516
261.728000 28408.728516
261.910000 28416.728516
262.102000 28424.728516
262.337000 28432.728516
262.510000 28440.728516
262.715000 28448.728516
262.885000 28456.728516
263.059000 28464.728516
263.295000 28472.728516
263.468000 28480.728516
263.664000 28488.728516
263.834000 28496.728516
264.012000 28504.728516
264.181000 28512.728516
264.355000 28520.728516
264.627000 28528.728516
264.804000 28536.728516
265.002000 28544.728516
265.172000 28552.728516
265.350000 28560.728516
265.524000 28568.728516
265.700000 28576.728516
265.876000 28584.728516
266.054000 28592.728516
266.233000 28600.728516
266.368000 28608.728516
266.511000 28616.728516
266.689000 28624.728516
266.819000 28632.728516
266.965000 28640.728516
267.143000 28648.728516
267.275000 28656.728516
267.403000 28664.728516
267.533000 28672.728516
267.670000 28680.728516
267.800000 28688.728516
267.930000 28696.728516
268.061000 28704.728516
268.189000 28712.728516
268.321000 28720.728516
268.448000 28728.728516
268.609000 28736.728516
268.755000 28744.728516
268.984000 28752.728516
269.125000 28760.728516
269.253000 28768.728516
269.383000 28776.728516
269.510000 28784.728516
269.643000 28792.728516
269.770000 28800.728516
269.903000 28808.728516
270.077000 28816.728516
270.207000 28824.728516
270.353000 28832.728516
270.535000 28840.728516
270.666000 28848.728516
270.794000 28856.728516
270.926000 28864.728516
271.055000 28872.728516
271.224000 28880.728516
271.365000 28888.728516
271.528000 28896.728516
271.649000 28904.728516
271.854000 28912.728516
271.992000 28920.728516
272.140000 28928.728516
272.318000 28936.728516
272.450000 28944.728516
272.656000 28952.728516
272.838000 28960.728516
272.967000 28968.728516
273.098000 28976.728516
273.228000 28984.728516
273.373000 28992.728516
273.557000 29000.728516
273.688000 29008.728516
273.819000 29016.728516
273.948000 29024.728516
274.075000 29032.728516
274.207000 29040.728516
274.336000 29048.728516
274.468000 29056.728516
274.629000 29064.728516
274.799000 29072.728516
274.971000 29080.728516
275.149000 29088.728516
275.254000 29096.728516
275.369000 29104.728516
275.472000 29112.728516
275.577000 29120.728516
275.677000 29128.728516
275.783000 29136.728516
275.884000 29144.728516
275.990000 29152.728516
276.096000 29160.728516
276.199000 29168.728516
276.302000 29176.728516
276.405000 29184.728516
276.576000 29192.728516
276.683000 29200.728516
276.799000 29208.728516
276.900000 29216.728516
277.003000 29224.728516
277.145000 29232.728516
277.279000 29240.728516
277.397000 29248.728516
277.536000 29256.728516
277.650000 29264.728516
277.754000 29272.728516
277.861000 29280.728516
277.976000 29288.728516
278.116000 29296.728516
278.221000 29304.728516
278.322000 29312.728516
278.433000 29320.728516
278.535000 29328.728516
278.638000 29336.728516
278.743000 29344.728516
278.846000 29352.728516
278.950000 29360.728516
279.053000 29368.728516
279.155000 29376.728516
279.263000 29384.728516
279.376000 29392.728516
279.484000 29400.728516
279.588000 29408.728516
279.690000 29416.728516
279.796000 29424.728516
279.897000 29432.728516
280.004000 29440.728516
280.142000 29448.728516
280.247000 29456.728516
280.348000 29464.728516
280.452000 29472.728516
280.571000 29480.728516
280.686000 29488.728516
280.790000 29496.728516
280.893000 29504.728516
280.995000 29512.728516
281.100000 29520.728516
281.202000 29528.728516
281.307000 29536.728516
281.409000 29544.728516
281.512000 29552.728516
281.617000 29560.728516
281.726000 29568.728516
281.830000 29576.728516
281.934000 29584.728516
282.036000 29592.728516
282.143000 29600.728516
282.256000 29608.728516
282.360000 29616.728516
282.463000 29624.728516
282.563000 29632.728516
282.669000 29640.728516
282.770000 29648.728516
282.881000 29656.728516
282.981000 29664.728516
283.085000 29672.728516
283.189000 29680.728516
283.291000 29688.728516
283.394000 29696.728516
283.496000 29704.728516
283.598000 29712.728516
283.708000 29720.728516
283.810000 29728.728516
283.923000 29736.728516
284.041000 29744.728516
284.129000 29752.728516
284.216000 29760.728516
284.301000 29768.728516
284.389000 29776.728516
284.474000 29784.728516
284.569000 29792.728516
284.667000 29800.728516
284.752000 29808.728516
284.840000 29816.728516
284.930000 29824.728516
285.016000 29832.728516
285.102000 29840.728516
285.188000 29848.728516
285.274000 29856.728516
285.359000 29864.728516
285.443000 29872.728516
285.532000 29880.728516
285.616000 29888.728516
285.704000 29896.728516
285.794000 29904.728516
285.880000 29912.728516
285.967000 29920.728516
286.053000 29928.728516
286.140000 29936.728516
286.225000 29944.728516
286.309000 29952.728516
286.398000 29960.728516
286.482000 29968.728516
286.570000 29976.728516
286.694000 29984.728516
286.782000 29992.728516
286.870000 30000.728516
286.957000 30008.728516
287.043000 30016.728516
287.128000 30024.728516
287.214000 30032.728516
287.300000 30040.728516
287.384000 30048.728516
287.473000 30056.728516
287.557000 30064.728516
287.650000 30072.728516
287.735000 30080.728516
287.821000 30088.728516
287.907000 30096.728516
287.994000 30104.728516
288.081000 30112.728516
288.167000 30120.728516
288.251000 30128.728516
288.338000 30136.728516
288.423000 30144.728516
288.516000 30152.728516
288.651000 30160.728516
288.754000 30168.728516
288.857000 30176.728516
288.977000 30184.728516
289.083000 30192.728516
289.200000 30200.728516
289.310000 30208.728516
289.428000 30216.728516
289.514000 30224.728516
289.606000 30232.728516
289.693000 30240.728516
289.780000 30248.728516
289.866000 30256.728516
289.951000 30264.728516
290.038000 30272.728516
290.123000 30280.728516
290.210000 30288.728516
290.295000 30296.728516
290.381000 30304.728516
290.472000 30312.728516
290.559000 30320.728516
290.644000 30328.728516
290.730000 30336.728516
290.814000 30344.728516
290.901000 30352.728516
290.985000 30360.728516
291.073000 30368.728516
291.158000 30376.728516
291.244000 30384.728516
291.330000 30392.728516
291.422000 30400.728516
291.508000 30408.728516
291.594000 30416.728516
291.677000 30424.728516
291.800000 30432.728516
291.904000 30440.728516
292.008000 30448.728516
292.106000 30456.728516
292.224000 30464.728516
292.443000 30472.728516
292.610000 30480.728516
292.906000 30488.728516
293.011000 30496.728516
293.086000 30504.728516
293.160000 30512.728516
293.232000 30520.728516
293.355000 30528.728516
293.427000 30536.728516
293.508000 30544.728516
293.580000 30552.728516
293.654000 30560.728516
293.728000 30568.728516
293.802000 30576.728516
293.876000 30584.728516
293.949000 30592.728516
294.022000 30600.728516
294.097000 30608.728516
294.191000 30616.728516
294.286000 30624.728516
295.023000 30632.728516
295.611000 30640.728516
296.378000 30648.728516
297.108000 30656.728516
297.677000 30664.728516
298.277000 30672.728516
298.792000 30680.728516
299.306000 30688.728516
299.819000 30696.728516
300.409000 30704.728516
301.238000 30712.728516
301.840000 30720.728516
302.543000 30728.728516
303.110000 30736.728516
303.671000 30744.728516
304.365000 30752.728516
304.796000 30760.728516
305.105000 30768.728516
305.476000 30776.728516
305.753000 30784.728516
306.065000 30792.728516
306.421000 30800.728516
306.689000 30808.728516
306.985000 30816.728516
307.344000 30824.728516
307.609000 30832.728516
307.914000 30840.728516
308.270000 30848.728516
308.603000 30856.728516
308.921000 30864.728516
309.283000 30872.728516
309.564000 30880.728516
309.833000 30888.728516
310.135000 30896.728516
310.494000 30904.728516
310.761000 30912.728516
311.048000 30920.728516
311.286000 30928.728516
311.462000 30936.728516
311.653000 30944.728516
311.888000 30952.728516
312.062000 30960.728516
312.258000 30968.728516
312.494000 30976.728516
312.737000 30984.728516
312.930000 30992.728516
313.161000 31000.728516
313.426000 31008.728516
313.599000 31016.728516
313.795000 31024.728516
314.026000 31032.728516
314.203000 31040.728516
314.396000 31048.728516
314.637000 31056.728516
314.840000 31064.728516
315.081000 31072.728516
315.264000 31080.728516
315.435000 31088.728516
315.611000 31096.728516
315.781000 31104.728516
315.965000 31112.728516
316.136000 31120.728516
316.309000 31128.728516
316.502000 31136.728516
316.712000 31144.728516
316.892000 31152.728516
317.070000 31160.728516
317.258000 31168.728516
317.497000 31176.728516
317.670000 31184.728516
317.866000 31192.728516
318.099000 31200.728516
318.277000 31208.728516
318.469000 31216.728516
318.641000 31224.728516
318.819000 31232.728516
318.996000 31240.728516
319.170000 31248.728516
319.340000 31256.728516
319.514000 31264.728516
319.688000 31272.728516
319.863000 31280.728516
320.044000 31288.728516
320.173000 31296.728516
320.299000 31304.728516
320.432000 31312.728516
320.578000 31320.728516
320.721000 31328.728516
320.895000 31336.728516
321.027000 31344.728516
321.171000 31352.728516
321.347000 31360.728516
321.477000 31368.728516
321.606000 31376.728516
321.759000 31384.728516
321.937000 31392.728516
322.086000 31400.728516
322.229000 31408.728516
322.404000 31416.728516
322.534000 31424.728516
322.731000 31432.728516
322.930000 31440.728516
323.222000 31448.728516
323.369000 31456.728516
323.545000 31464.728516
323.684000 31472.728516
323.829000 31480.728516
324.005000 31488.728516
324.134000 31496.728516
324.280000 31504.728516
324.451000 31512.728516
324.653000 31520.728516
324.784000 31528.728516
324.914000 31536.728516
325.061000 31544.728516
325.196000 31552.728516
325.330000 31560.728516
325.458000 31568.728516
325.589000 31576.728516
325.719000 31584.728516
325.851000 31592.728516
325.982000 31600.728516
326.112000 31608.728516
326.239000 31616.728516
326.373000 31624.728516
326.507000 31632.728516
326.639000 31640.728516
326.767000 31648.728516
326.898000 31656.728516
327.027000 31664.728516
327.158000 31672.728516
327.287000 31680.728516
327.418000 31688.728516
327.545000 31696.728516
327.679000 31704.728516
327.852000 31712.728516
327.992000 31720.728516
328.136000 31728.728516
328.312000 31736.728516
328.442000 31744.728516
328.603000 31752.728516
328.756000 31760.728516
328.885000 31768.728516
329.073000 31776.728516
329.177000 31784.728516
329.372000 31792.728516
329.491000 31800.728516
329.733000 31808.728516
329.838000 31816.728516
329.977000 31824.728516
330.178000 31832.728516
330.287000 31840.728516
330.404000 31848.728516
330.545000 31856.728516
330.655000 31864.728516
330.756000 31872.728516
330.861000 31880.728516
330.963000 31888.728516
331.068000 31896.728516
331.169000 31904.728516
331.272000 31912.728516
331.375000 31920.728516
331.479000 31928.728516
331.582000 31936.728516
331.686000 31944.728516
331.792000 31952.728516
331.898000 31960.728516
332.001000 31968.728516
332.107000 31976.728516
332.208000 31984.728516
332.311000 31992.728516
332.414000 32000.728516
332.518000 32008.728516
332.672000 32016.728516
332.777000 32024.728516
332.884000 32032.728516
332.990000 32040.728516
333.104000 32048.728516
333.209000 32056.728516
333.312000 32064.728516
333.449000 32072.728516
333.554000 32080.728516
333.662000 32088.728516
333.773000 32096.728516
333.875000 32104.728516
333.984000 32112.728516
334.089000 32120.728516
334.192000 32128.728516
334.297000 32136.728516
334.401000 32144.728516
334.507000 32152.728516
334.624000 32160.728516
334.761000 32168.728516
334.866000 32176.728516
334.981000 32184.728516
335.084000 32192.728516
335.195000 32200.728516
335.295000 32208.728516
335.401000 32216.728516
335.502000 32224.728516
335.618000 32232.728516
335.721000 32240.728516
335.824000 32248.728516
335.928000 32256.728516
336.032000 32264.728516
336.136000 32272.728516
336.244000 32280.728516
336.346000 32288.728516
336.453000 32296.728516
336.571000 32304.728516
336.647000 32312.728516
336.755000 32320.728516
336.859000 32328.728516
336.962000 32336.728516
337.066000 32344.728516
337.167000 32352.728516
337.273000 32360.728516
337.381000 32368.728516
337.486000 32376.728516
337.587000 32384.728516
337.691000 32392.728516
337.795000 32400.728516
337.898000 32408.728516
338.001000 32416.728516
338.117000 32424.728516
338.201000 32432.728516
338.290000 32440.728516
338.380000 32448.728516
338.468000 32456.728516
338.552000 32464.728516
338.638000 32472.728516
338.724000 32480.728516
338.811000 32488.728516
338.896000 32496.728516
338.982000 32504.728516
339.066000 32512.728516
339.154000 32520.728516
339.238000 32528.728516
339.359000 32536.728516
339.444000 32544.728516
339.530000 32552.728516
339.616000 32560.728516
339.702000 32568.728516
339.787000 32576.728516
339.873000 32584.728516
339.958000 32592.728516
340.046000 32600.728516
340.131000 32608.728516
340.224000 32616.728516
340.308000 32624.728516
340.394000 32632.728516
340.480000 32640.728516
340.597000 32648.728516
340.687000 32656.728516
340.774000 32664.728516
340.870000 32672.728516
340.955000 32680.728516
341.042000 32688.728516
341.128000 32696.728516
341.221000 32704.728516
341.337000 32712.728516
341.423000 32720.728516
341.507000 32728.728516
341.595000 32736.728516
341.690000 32744.728516
341.778000 32752.728516
341.864000 32760.728516
341.980000 32768.728516
342.067000 32776.728516
342.157000 32784.728516
342.278000 32792.728516
342.376000 32800.728516
342.475000 32808.728516
342.553000 32816.728516
342.688000 32824.728516
342.777000 32832.728516
342.873000 32840.728516
342.960000 32848.728516
343.047000 32856.728516
343.324000 32864.728516
343.664000 32872.728516
343.746000 32880.728516
343.837000 32888.728516
343.911000 32896.728516
343.982000 32904.728516
344.048000 32912.728516
344.112000 32920.728516
344.225000 32928.728516
344.289000 32936.728516
344.355000 32944.728516
344.418000 32952.728516
344.481000 32960.728516
344.735000 32968.728516
350.733000 32976.728516
